timestamp,index,adc0_gpio36,adc1_gpio39,adc2_gpio34,adc3_gpio35,adc4_gpio32,adc5_gpio33,imu0_acc_x,imu0_acc_y,imu0_acc_z,imu0_gyro_x,imu0_gyro_y,imu0_gyro_z,imu0_mag_x,imu0_mag_y,imu0_mag_z,imu1_acc_x,imu1_acc_y,imu1_acc_z,imu1_gyro_x,imu1_gyro_y,imu1_gyro_z,imu1_mag_x,imu1_mag_y,imu1_mag_z
0.000000,399065.000000,135.000000,1861.000000,1855.000000,942.000000,1843.000000,1809.000000,0.000000,0.000000,0.000000,0.000000,0.000000,0.000000,0.000000,0.000000,0.000000,-0.480000,9.540000,2.330000,0.010000,-0.060000,-0.020000,38.560000,-10.690000,-9.190000
0.002000,399066.000000,14.000000,1872.000000,1860.000000,872.000000,1879.000000,1715.000000,0.000000,0.000000,0.000000,0.000000,0.000000,0.000000,0.000000,0.000000,0.000000,-0.480000,9.540000,2.330000,0.010000,-0.060000,-0.020000,38.560000,-10.690000,-9.190000
0.004000,399067.000000,0.000000,1850.000000,1859.000000,752.000000,1859.000000,1680.000000,0.000000,0.000000,0.000000,0.000000,0.000000,0.000000,0.000000,0.000000,0.000000,-0.480000,9.540000,2.330000,0.010000,-0.060000,-0.020000,38.560000,-10.690000,-9.190000
0.006000,399068.000000,0.000000,1851.000000,1855.000000,763.000000,1859.000000,1667.000000,0.000000,0.000000,0.000000,0.000000,0.000000,0.000000,0.000000,0.000000,0.000000,-0.480000,9.540000,2.330000,0.010000,-0.060000,-0.020000,38.560000,-10.690000,-9.190000
0.008000,399069.000000,3.000000,1840.000000,1842.000000,832.000000,1841.000000,1840.000000,0.000000,0.000000,0.000000,0.000000,0.000000,0.000000,0.000000,0.000000,0.000000,-0.480000,9.540000,2.330000,0.010000,-0.060000,-0.020000,38.560000,-10.690000,-9.190000
0.010000,399070.000000,179.000000,1851.000000,1846.000000,881.000000,1849.000000,1856.000000,0.000000,0.000000,0.000000,0.000000,0.000000,0.000000,0.000000,0.000000,0.000000,-0.470000,9.520000,2.380000,0.010000,-0.050000,-0.020000,38.560000,-10.690000,-9.190000
0.012000,399071.000000,14.000000,1837.000000,1870.000000,886.000000,1840.000000,1867.000000,0.000000,0.000000,0.000000,0.000000,0.000000,0.000000,0.000000,0.000000,0.000000,-0.470000,9.520000,2.380000,0.010000,-0.050000,-0.020000,38.560000,-10.690000,-9.190000
0.014000,399072.000000,7.000000,1843.000000,1849.000000,906.000000,1825.000000,1851.000000,0.000000,0.000000,0.000000,0.000000,0.000000,0.000000,0.000000,0.000000,0.000000,-0.470000,9.520000,2.380000,0.010000,-0.050000,-0.020000,38.560000,-10.690000,-9.190000
0.016000,399073.000000,14.000000,1851.000000,1840.000000,923.000000,1833.000000,1993.000000,0.000000,0.000000,0.000000,0.000000,0.000000,0.000000,0.000000,0.000000,0.000000,-0.470000,9.520000,2.380000,0.010000,-0.050000,-0.020000,38.560000,-10.690000,-9.190000
0.018000,399074.000000,16.000000,1856.000000,1890.000000,1005.000000,1854.000000,1976.000000,0.000000,0.000000,0.000000,0.000000,0.000000,0.000000,0.000000,0.000000,0.000000,-0.470000,9.520000,2.380000,0.010000,-0.050000,-0.020000,38.560000,-10.690000,-9.190000
0.020000,399075.000000,3.000000,1863.000000,1842.000000,942.000000,1850.000000,1799.000000,0.000000,0.000000,0.000000,0.000000,0.000000,0.000000,0.000000,0.000000,0.000000,-0.470000,9.530000,2.440000,0.010000,-0.040000,-0.020000,37.750000,-12.500000,-10.380000
0.022000,399076.000000,586.000000,1871.000000,1874.000000,861.000000,1872.000000,1712.000000,0.000000,0.000000,0.000000,0.000000,0.000000,0.000000,0.000000,0.000000,0.000000,-0.470000,9.530000,2.440000,0.010000,-0.040000,-0.020000,37.750000,-12.500000,-10.380000
0.024000,399077.000000,42.000000,1863.000000,1875.000000,738.000000,1861.000000,1668.000000,0.000000,0.000000,0.000000,0.000000,0.000000,0.000000,0.000000,0.000000,0.000000,-0.470000,9.530000,2.440000,0.010000,-0.040000,-0.020000,37.750000,-12.500000,-10.380000
0.026000,399078.000000,0.000000,1824.000000,1867.000000,765.000000,1840.000000,1663.000000,0.000000,0.000000,0.000000,0.000000,0.000000,0.000000,0.000000,0.000000,0.000000,-0.470000,9.530000,2.440000,0.010000,-0.040000,-0.020000,37.750000,-12.500000,-10.380000
0.028000,399079.000000,5.000000,1837.000000,1811.000000,819.000000,1851.000000,1824.000000,0.000000,0.000000,0.000000,0.000000,0.000000,0.000000,0.000000,0.000000,0.000000,-0.470000,9.530000,2.440000,0.010000,-0.040000,-0.020000,37.750000,-12.500000,-10.380000
0.030000,399080.000000,581.000000,1827.000000,1862.000000,863.000000,1856.000000,1840.000000,0.000000,0.000000,0.000000,0.000000,0.000000,0.000000,0.000000,0.000000,0.000000,-0.460000,9.510000,2.450000,0.010000,-0.040000,-0.020000,37.750000,-12.500000,-10.380000
0.032000,399081.000000,21.000000,1838.000000,1849.000000,896.000000,1863.000000,1824.000000,0.000000,0.000000,0.000000,0.000000,0.000000,0.000000,0.000000,0.000000,0.000000,-0.460000,9.510000,2.450000,0.010000,-0.040000,-0.020000,37.750000,-12.500000,-10.380000
0.034000,399082.000000,0.000000,1845.000000,1853.000000,896.000000,1845.000000,1870.000000,0.000000,0.000000,0.000000,0.000000,0.000000,0.000000,0.000000,0.000000,0.000000,-0.460000,9.510000,2.450000,0.010000,-0.040000,-0.020000,37.750000,-12.500000,-10.380000
0.036000,399083.000000,11.000000,1837.000000,1865.000000,911.000000,1834.000000,1985.000000,0.000000,0.000000,0.000000,0.000000,0.000000,0.000000,0.000000,0.000000,0.000000,-0.460000,9.510000,2.450000,0.010000,-0.040000,-0.020000,37.750000,-12.500000,-10.380000
0.038000,399084.000000,16.000000,1838.000000,1867.000000,1017.000000,1871.000000,1975.000000,0.000000,0.000000,0.000000,0.000000,0.000000,0.000000,0.000000,0.000000,0.000000,-0.460000,9.510000,2.450000,0.010000,-0.040000,-0.020000,37.750000,-12.500000,-10.380000
0.040000,399085.000000,48.000000,1846.000000,1881.000000,944.000000,1863.000000,1777.000000,0.000000,0.000000,0.000000,0.000000,0.000000,0.000000,0.000000,0.000000,0.000000,-0.460000,9.510000,2.490000,0.010000,-0.040000,-0.020000,37.750000,-12.500000,-10.380000
0.042000,399086.000000,16.000000,1865.000000,1894.000000,861.000000,1874.000000,1712.000000,0.000000,0.000000,0.000000,0.000000,0.000000,0.000000,0.000000,0.000000,0.000000,-0.460000,9.510000,2.490000,0.010000,-0.040000,-0.020000,37.750000,-12.500000,-10.380000
0.044000,399087.000000,0.000000,1829.000000,1876.000000,759.000000,1863.000000,1673.000000,0.000000,0.000000,0.000000,0.000000,0.000000,0.000000,0.000000,0.000000,0.000000,-0.460000,9.510000,2.490000,0.010000,-0.040000,-0.020000,37.750000,-12.500000,-10.380000
0.046000,399088.000000,0.000000,1839.000000,1857.000000,750.000000,1857.000000,1668.000000,0.000000,0.000000,0.000000,0.000000,0.000000,0.000000,0.000000,0.000000,0.000000,-0.460000,9.510000,2.490000,0.010000,-0.040000,-0.020000,37.750000,-12.500000,-10.380000
0.048000,399089.000000,11.000000,1817.000000,1855.000000,831.000000,1859.000000,1846.000000,0.000000,0.000000,0.000000,0.000000,0.000000,0.000000,0.000000,0.000000,0.000000,-0.460000,9.510000,2.490000,0.010000,-0.040000,-0.020000,37.750000,-12.500000,-10.380000
0.050000,399090.000000,112.000000,1840.000000,1853.000000,851.000000,1855.000000,1824.000000,0.000000,0.000000,0.000000,0.000000,0.000000,0.000000,0.000000,0.000000,0.000000,-0.530000,9.470000,2.400000,0.000000,-0.040000,-0.020000,37.750000,-12.500000,-10.380000
0.052000,399091.000000,12.000000,1829.000000,1872.000000,887.000000,1854.000000,1849.000000,0.000000,0.000000,0.000000,0.000000,0.000000,0.000000,0.000000,0.000000,0.000000,-0.530000,9.470000,2.400000,0.000000,-0.040000,-0.020000,37.750000,-12.500000,-10.380000
0.054000,399092.000000,5.000000,1829.000000,1861.000000,871.000000,1857.000000,1840.000000,0.000000,0.000000,0.000000,0.000000,0.000000,0.000000,0.000000,0.000000,0.000000,-0.530000,9.470000,2.400000,0.000000,-0.040000,-0.020000,37.750000,-12.500000,-10.380000
0.056000,399093.000000,14.000000,1839.000000,1843.000000,941.000000,1858.000000,1994.000000,0.000000,0.000000,0.000000,0.000000,0.000000,0.000000,0.000000,0.000000,0.000000,-0.530000,9.470000,2.400000,0.000000,-0.040000,-0.020000,37.750000,-12.500000,-10.380000
0.058000,399094.000000,22.000000,1855.000000,1867.000000,1010.000000,1872.000000,1962.000000,0.000000,0.000000,0.000000,0.000000,0.000000,0.000000,0.000000,0.000000,0.000000,-0.530000,9.470000,2.400000,0.000000,-0.040000,-0.020000,37.750000,-12.500000,-10.380000
0.060000,399095.000000,160.000000,1857.000000,1901.000000,919.000000,1870.000000,1805.000000,0.000000,0.000000,0.000000,0.000000,0.000000,0.000000,0.000000,0.000000,0.000000,-0.540000,9.490000,2.510000,0.000000,-0.040000,-0.020000,37.750000,-12.500000,-10.380000
0.062000,399096.000000,10.000000,1866.000000,1872.000000,841.000000,1889.000000,1691.000000,0.000000,0.000000,0.000000,0.000000,0.000000,0.000000,0.000000,0.000000,0.000000,-0.540000,9.490000,2.510000,0.000000,-0.040000,-0.020000,37.750000,-12.500000,-10.380000
0.064000,399097.000000,0.000000,1851.000000,1872.000000,757.000000,1873.000000,1669.000000,0.000000,0.000000,0.000000,0.000000,0.000000,0.000000,0.000000,0.000000,0.000000,-0.540000,9.490000,2.510000,0.000000,-0.040000,-0.020000,37.750000,-12.500000,-10.380000
0.066000,399098.000000,0.000000,1852.000000,1869.000000,762.000000,1867.000000,1702.000000,0.000000,0.000000,0.000000,0.000000,0.000000,0.000000,0.000000,0.000000,0.000000,-0.540000,9.490000,2.510000,0.000000,-0.040000,-0.020000,37.750000,-12.500000,-10.380000
0.068000,399099.000000,3.000000,1849.000000,1857.000000,829.000000,1854.000000,1839.000000,0.000000,0.000000,0.000000,0.000000,0.000000,0.000000,0.000000,0.000000,0.000000,-0.540000,9.490000,2.510000,0.000000,-0.040000,-0.020000,37.750000,-12.500000,-10.380000
0.070000,399100.000000,1.000000,1828.000000,1863.000000,871.000000,1840.000000,1808.000000,0.000000,0.000000,0.000000,0.000000,0.000000,0.000000,0.000000,0.000000,0.000000,-0.560000,9.480000,2.530000,0.000000,-0.040000,-0.020000,38.880000,-10.000000,-10.380000
0.072000,399101.000000,96.000000,1839.000000,1881.000000,886.000000,1876.000000,1860.000000,0.000000,0.000000,0.000000,0.000000,0.000000,0.000000,0.000000,0.000000,0.000000,-0.560000,9.480000,2.530000,0.000000,-0.040000,-0.020000,38.880000,-10.000000,-10.380000
0.074000,399102.000000,80.000000,1850.000000,1877.000000,895.000000,1862.000000,1865.000000,0.000000,0.000000,0.000000,0.000000,0.000000,0.000000,0.000000,0.000000,0.000000,-0.560000,9.480000,2.530000,0.000000,-0.040000,-0.020000,38.880000,-10.000000,-10.380000
0.076000,399103.000000,17.000000,1865.000000,1863.000000,947.000000,1856.000000,2005.000000,0.000000,0.000000,0.000000,0.000000,0.000000,0.000000,0.000000,0.000000,0.000000,-0.560000,9.480000,2.530000,0.000000,-0.040000,-0.020000,38.880000,-10.000000,-10.380000
0.078000,399104.000000,16.000000,1869.000000,1854.000000,1018.000000,1847.000000,1947.000000,0.000000,0.000000,0.000000,0.000000,0.000000,0.000000,0.000000,0.000000,0.000000,-0.560000,9.480000,2.530000,0.000000,-0.040000,-0.020000,38.880000,-10.000000,-10.380000
0.080000,399105.000000,602.000000,1881.000000,1867.000000,930.000000,1902.000000,1808.000000,0.000000,0.000000,0.000000,0.000000,0.000000,0.000000,0.000000,0.000000,0.000000,-0.580000,9.450000,2.610000,0.000000,-0.050000,-0.020000,38.880000,-10.000000,-10.380000
0.082000,399106.000000,9.000000,1884.000000,1872.000000,838.000000,1879.000000,1707.000000,0.000000,0.000000,0.000000,0.000000,0.000000,0.000000,0.000000,0.000000,0.000000,-0.580000,9.450000,2.610000,0.000000,-0.050000,-0.020000,38.880000,-10.000000,-10.380000
0.084000,399107.000000,0.000000,1890.000000,1872.000000,749.000000,1863.000000,1667.000000,0.000000,0.000000,0.000000,0.000000,0.000000,0.000000,0.000000,0.000000,0.000000,-0.580000,9.450000,2.610000,0.000000,-0.050000,-0.020000,38.880000,-10.000000,-10.380000
0.086000,399108.000000,0.000000,1879.000000,1872.000000,777.000000,1868.000000,1718.000000,0.000000,0.000000,0.000000,0.000000,0.000000,0.000000,0.000000,0.000000,0.000000,-0.580000,9.450000,2.610000,0.000000,-0.050000,-0.020000,38.880000,-10.000000,-10.380000
0.088000,399109.000000,2.000000,1872.000000,1867.000000,829.000000,1876.000000,1840.000000,0.000000,0.000000,0.000000,0.000000,0.000000,0.000000,0.000000,0.000000,0.000000,-0.580000,9.450000,2.610000,0.000000,-0.050000,-0.020000,38.880000,-10.000000,-10.380000
0.090000,399110.000000,112.000000,1872.000000,1859.000000,859.000000,1858.000000,1847.000000,0.000000,0.000000,0.000000,0.000000,0.000000,0.000000,0.000000,0.000000,0.000000,-0.550000,9.480000,2.540000,-0.010000,-0.050000,-0.020000,38.880000,-10.000000,-10.380000
0.092000,399111.000000,16.000000,1854.000000,1858.000000,881.000000,1887.000000,1840.000000,0.000000,0.000000,0.000000,0.000000,0.000000,0.000000,0.000000,0.000000,0.000000,-0.550000,9.480000,2.540000,-0.010000,-0.050000,-0.020000,38.880000,-10.000000,-10.380000
0.094000,399112.000000,15.000000,1879.000000,1861.000000,895.000000,1872.000000,1851.000000,0.000000,0.000000,0.000000,0.000000,0.000000,0.000000,0.000000,0.000000,0.000000,-0.550000,9.480000,2.540000,-0.010000,-0.050000,-0.020000,38.880000,-10.000000,-10.380000
0.096000,399113.000000,16.000000,1879.000000,1856.000000,946.000000,1867.000000,1995.000000,0.000000,0.000000,0.000000,0.000000,0.000000,0.000000,0.000000,0.000000,0.000000,-0.550000,9.480000,2.540000,-0.010000,-0.050000,-0.020000,38.880000,-10.000000,-10.380000
0.098000,399114.000000,15.000000,1884.000000,1841.000000,1008.000000,1876.000000,1936.000000,0.000000,0.000000,0.000000,0.000000,0.000000,0.000000,0.000000,0.000000,0.000000,-0.550000,9.480000,2.540000,-0.010000,-0.050000,-0.020000,38.880000,-10.000000,-10.380000
0.100000,399115.000000,102.000000,1905.000000,1859.000000,926.000000,1879.000000,1807.000000,0.000000,0.000000,0.000000,0.000000,0.000000,0.000000,0.000000,0.000000,0.000000,-0.560000,9.500000,2.430000,-0.010000,-0.050000,-0.020000,38.880000,-10.000000,-10.380000
0.102000,399116.000000,16.000000,1884.000000,1889.000000,847.000000,1904.000000,1699.000000,0.000000,0.000000,0.000000,0.000000,0.000000,0.000000,0.000000,0.000000,0.000000,-0.560000,9.500000,2.430000,-0.010000,-0.050000,-0.020000,38.880000,-10.000000,-10.380000
0.104000,399117.000000,0.000000,1911.000000,1885.000000,752.000000,1889.000000,1712.000000,0.000000,0.000000,0.000000,0.000000,0.000000,0.000000,0.000000,0.000000,0.000000,-0.560000,9.500000,2.430000,-0.010000,-0.050000,-0.020000,38.880000,-10.000000,-10.380000
0.106000,399118.000000,0.000000,1914.000000,1872.000000,769.000000,1885.000000,1712.000000,0.000000,0.000000,0.000000,0.000000,0.000000,0.000000,0.000000,0.000000,0.000000,-0.560000,9.500000,2.430000,-0.010000,-0.050000,-0.020000,38.880000,-10.000000,-10.380000
0.108000,399119.000000,10.000000,1884.000000,1841.000000,830.000000,1879.000000,1843.000000,0.000000,0.000000,0.000000,0.000000,0.000000,0.000000,0.000000,0.000000,0.000000,-0.560000,9.500000,2.430000,-0.010000,-0.050000,-0.020000,38.880000,-10.000000,-10.380000
0.110000,399120.000000,5.000000,1888.000000,1872.000000,880.000000,1851.000000,1856.000000,0.000000,0.000000,0.000000,0.000000,0.000000,0.000000,0.000000,0.000000,0.000000,-0.520000,9.530000,2.430000,-0.020000,-0.060000,-0.020000,38.880000,-10.000000,-10.380000
0.112000,399121.000000,461.000000,1882.000000,1879.000000,880.000000,1872.000000,1850.000000,0.000000,0.000000,0.000000,0.000000,0.000000,0.000000,0.000000,0.000000,0.000000,-0.520000,9.530000,2.430000,-0.020000,-0.060000,-0.020000,38.880000,-10.000000,-10.380000
0.114000,399122.000000,34.000000,1898.000000,1857.000000,893.000000,1881.000000,1879.000000,0.000000,0.000000,0.000000,0.000000,0.000000,0.000000,0.000000,0.000000,0.000000,-0.520000,9.530000,2.430000,-0.020000,-0.060000,-0.020000,38.880000,-10.000000,-10.380000
0.116000,399123.000000,16.000000,1915.000000,1881.000000,965.000000,1879.000000,2015.000000,0.000000,0.000000,0.000000,0.000000,0.000000,0.000000,0.000000,0.000000,0.000000,-0.520000,9.530000,2.430000,-0.020000,-0.060000,-0.020000,38.880000,-10.000000,-10.380000
0.118000,399124.000000,16.000000,1920.000000,1859.000000,1008.000000,1875.000000,1947.000000,0.000000,0.000000,0.000000,0.000000,0.000000,0.000000,0.000000,0.000000,0.000000,-0.520000,9.530000,2.430000,-0.020000,-0.060000,-0.020000,38.880000,-10.000000,-10.380000
0.120000,399125.000000,93.000000,1934.000000,1902.000000,916.000000,1890.000000,1795.000000,0.000000,0.000000,0.000000,0.000000,0.000000,0.000000,0.000000,0.000000,0.000000,-0.510000,9.500000,2.460000,-0.020000,-0.060000,-0.020000,39.250000,-12.190000,-10.380000
0.122000,399126.000000,48.000000,1938.000000,1901.000000,829.000000,1887.000000,1672.000000,0.000000,0.000000,0.000000,0.000000,0.000000,0.000000,0.000000,0.000000,0.000000,-0.510000,9.500000,2.460000,-0.020000,-0.060000,-0.020000,39.250000,-12.190000,-10.380000
0.124000,399127.000000,38.000000,1932.000000,1891.000000,758.000000,1859.000000,1703.000000,0.000000,0.000000,0.000000,0.000000,0.000000,0.000000,0.000000,0.000000,0.000000,-0.510000,9.500000,2.460000,-0.020000,-0.060000,-0.020000,39.250000,-12.190000,-10.380000
0.126000,399128.000000,0.000000,1925.000000,1888.000000,773.000000,1863.000000,1741.000000,0.000000,0.000000,0.000000,0.000000,0.000000,0.000000,0.000000,0.000000,0.000000,-0.510000,9.500000,2.460000,-0.020000,-0.060000,-0.020000,39.250000,-12.190000,-10.380000
0.128000,399129.000000,7.000000,1924.000000,1874.000000,844.000000,1872.000000,1852.000000,0.000000,0.000000,0.000000,0.000000,0.000000,0.000000,0.000000,0.000000,0.000000,-0.510000,9.500000,2.460000,-0.020000,-0.060000,-0.020000,39.250000,-12.190000,-10.380000
0.130000,399130.000000,627.000000,1908.000000,1877.000000,871.000000,1879.000000,1829.000000,0.000000,0.000000,0.000000,0.000000,0.000000,0.000000,0.000000,0.000000,0.000000,-0.500000,9.500000,2.510000,-0.020000,-0.070000,-0.030000,39.250000,-12.190000,-10.380000
0.132000,399131.000000,18.000000,1926.000000,1875.000000,879.000000,1844.000000,1851.000000,0.000000,0.000000,0.000000,0.000000,0.000000,0.000000,0.000000,0.000000,0.000000,-0.500000,9.500000,2.510000,-0.020000,-0.070000,-0.030000,39.250000,-12.190000,-10.380000
0.134000,399132.000000,7.000000,1932.000000,1883.000000,900.000000,1872.000000,1855.000000,0.000000,0.000000,0.000000,0.000000,0.000000,0.000000,0.000000,0.000000,0.000000,-0.500000,9.500000,2.510000,-0.020000,-0.070000,-0.030000,39.250000,-12.190000,-10.380000
0.136000,399133.000000,19.000000,1943.000000,1882.000000,950.000000,1866.000000,2037.000000,0.000000,0.000000,0.000000,0.000000,0.000000,0.000000,0.000000,0.000000,0.000000,-0.500000,9.500000,2.510000,-0.020000,-0.070000,-0.030000,39.250000,-12.190000,-10.380000
0.138000,399134.000000,14.000000,1930.000000,1904.000000,1012.000000,1873.000000,1919.000000,0.000000,0.000000,0.000000,0.000000,0.000000,0.000000,0.000000,0.000000,0.000000,-0.500000,9.500000,2.510000,-0.020000,-0.070000,-0.030000,39.250000,-12.190000,-10.380000
0.140000,399135.000000,162.000000,1957.000000,1882.000000,916.000000,1907.000000,1777.000000,0.000000,0.000000,0.000000,0.000000,0.000000,0.000000,0.000000,0.000000,0.000000,-0.510000,9.480000,2.480000,-0.020000,-0.080000,-0.030000,39.250000,-12.190000,-10.380000
0.142000,399136.000000,16.000000,1942.000000,1891.000000,827.000000,1893.000000,1703.000000,0.000000,0.000000,0.000000,0.000000,0.000000,0.000000,0.000000,0.000000,0.000000,-0.510000,9.480000,2.480000,-0.020000,-0.080000,-0.030000,39.250000,-12.190000,-10.380000
0.144000,399137.000000,0.000000,1934.000000,1902.000000,752.000000,1891.000000,1718.000000,0.000000,0.000000,0.000000,0.000000,0.000000,0.000000,0.000000,0.000000,0.000000,-0.510000,9.480000,2.480000,-0.020000,-0.080000,-0.030000,39.250000,-12.190000,-10.380000
0.146000,399138.000000,0.000000,1935.000000,1875.000000,773.000000,1886.000000,1712.000000,0.000000,0.000000,0.000000,0.000000,0.000000,0.000000,0.000000,0.000000,0.000000,-0.510000,9.480000,2.480000,-0.020000,-0.080000,-0.030000,39.250000,-12.190000,-10.380000
0.148000,399139.000000,3.000000,1933.000000,1872.000000,868.000000,1874.000000,1838.000000,0.000000,0.000000,0.000000,0.000000,0.000000,0.000000,0.000000,0.000000,0.000000,-0.510000,9.480000,2.480000,-0.020000,-0.080000,-0.030000,39.250000,-12.190000,-10.380000
0.150000,399140.000000,121.000000,1931.000000,1872.000000,875.000000,1893.000000,1872.000000,0.000000,0.000000,0.000000,0.000000,0.000000,0.000000,0.000000,0.000000,0.000000,-0.450000,9.470000,2.340000,-0.030000,-0.080000,-0.020000,39.250000,-12.190000,-10.380000
0.152000,399141.000000,17.000000,1921.000000,1879.000000,887.000000,1856.000000,1861.000000,0.000000,0.000000,0.000000,0.000000,0.000000,0.000000,0.000000,0.000000,0.000000,-0.450000,9.470000,2.340000,-0.030000,-0.080000,-0.020000,39.250000,-12.190000,-10.380000
0.154000,399142.000000,2.000000,1904.000000,1901.000000,902.000000,1867.000000,1855.000000,0.000000,0.000000,0.000000,0.000000,0.000000,0.000000,0.000000,0.000000,0.000000,-0.450000,9.470000,2.340000,-0.030000,-0.080000,-0.020000,39.250000,-12.190000,-10.380000
0.156000,399143.000000,16.000000,1916.000000,1902.000000,950.000000,1882.000000,2034.000000,0.000000,0.000000,0.000000,0.000000,0.000000,0.000000,0.000000,0.000000,0.000000,-0.450000,9.470000,2.340000,-0.030000,-0.080000,-0.020000,39.250000,-12.190000,-10.380000
0.158000,399144.000000,15.000000,1925.000000,1919.000000,1005.000000,1873.000000,1917.000000,0.000000,0.000000,0.000000,0.000000,0.000000,0.000000,0.000000,0.000000,0.000000,-0.450000,9.470000,2.340000,-0.030000,-0.080000,-0.020000,39.250000,-12.190000,-10.380000
0.160000,399145.000000,67.000000,1917.000000,1881.000000,885.000000,1887.000000,1802.000000,0.000000,0.000000,0.000000,0.000000,0.000000,0.000000,0.000000,0.000000,0.000000,-0.460000,9.530000,2.370000,-0.030000,-0.080000,-0.020000,39.250000,-12.190000,-10.380000
0.162000,399146.000000,0.000000,1938.000000,1904.000000,834.000000,1892.000000,1686.000000,0.000000,0.000000,0.000000,0.000000,0.000000,0.000000,0.000000,0.000000,0.000000,-0.460000,9.530000,2.370000,-0.030000,-0.080000,-0.020000,39.250000,-12.190000,-10.380000
0.164000,399147.000000,0.000000,1913.000000,1899.000000,773.000000,1855.000000,1702.000000,0.000000,0.000000,0.000000,0.000000,0.000000,0.000000,0.000000,0.000000,0.000000,-0.460000,9.530000,2.370000,-0.030000,-0.080000,-0.020000,39.250000,-12.190000,-10.380000
0.166000,399148.000000,0.000000,1906.000000,1879.000000,769.000000,1854.000000,1759.000000,0.000000,0.000000,0.000000,0.000000,0.000000,0.000000,0.000000,0.000000,0.000000,-0.460000,9.530000,2.370000,-0.030000,-0.080000,-0.020000,39.250000,-12.190000,-10.380000
0.168000,399149.000000,0.000000,1901.000000,1900.000000,851.000000,1845.000000,1847.000000,0.000000,0.000000,0.000000,0.000000,0.000000,0.000000,0.000000,0.000000,0.000000,-0.460000,9.530000,2.370000,-0.030000,-0.080000,-0.020000,39.250000,-12.190000,-10.380000
0.170000,399150.000000,84.000000,1901.000000,1862.000000,865.000000,1863.000000,1826.000000,0.000000,0.000000,0.000000,0.000000,0.000000,0.000000,0.000000,0.000000,0.000000,-0.440000,9.520000,2.400000,-0.040000,-0.070000,-0.020000,38.190000,-10.250000,-10.380000
0.172000,399151.000000,38.000000,1977.000000,1901.000000,877.000000,1838.000000,1863.000000,0.000000,0.000000,0.000000,0.000000,0.000000,0.000000,0.000000,0.000000,0.000000,-0.440000,9.520000,2.400000,-0.040000,-0.070000,-0.020000,38.190000,-10.250000,-10.380000
0.174000,399152.000000,87.000000,1891.000000,1874.000000,897.000000,1835.000000,1837.000000,0.000000,0.000000,0.000000,0.000000,0.000000,0.000000,0.000000,0.000000,0.000000,-0.440000,9.520000,2.400000,-0.040000,-0.070000,-0.020000,38.190000,-10.250000,-10.380000
0.176000,399153.000000,17.000000,1874.000000,1893.000000,970.000000,1849.000000,2003.000000,0.000000,0.000000,0.000000,0.000000,0.000000,0.000000,0.000000,0.000000,0.000000,-0.440000,9.520000,2.400000,-0.040000,-0.070000,-0.020000,38.190000,-10.250000,-10.380000
0.178000,399154.000000,14.000000,1904.000000,1885.000000,991.000000,1856.000000,1897.000000,0.000000,0.000000,0.000000,0.000000,0.000000,0.000000,0.000000,0.000000,0.000000,-0.440000,9.520000,2.400000,-0.040000,-0.070000,-0.020000,38.190000,-10.250000,-10.380000
0.180000,399155.000000,611.000000,1920.000000,1902.000000,914.000000,1855.000000,1779.000000,0.000000,0.000000,0.000000,0.000000,0.000000,0.000000,0.000000,0.000000,0.000000,-0.470000,9.570000,2.380000,-0.040000,-0.070000,-0.020000,38.190000,-10.250000,-10.380000
0.182000,399156.000000,5.000000,1897.000000,1877.000000,830.000000,1842.000000,1674.000000,0.000000,0.000000,0.000000,0.000000,0.000000,0.000000,0.000000,0.000000,0.000000,-0.470000,9.570000,2.380000,-0.040000,-0.070000,-0.020000,38.190000,-10.250000,-10.380000
0.184000,399157.000000,0.000000,1905.000000,1901.000000,761.000000,1840.000000,1713.000000,0.000000,0.000000,0.000000,0.000000,0.000000,0.000000,0.000000,0.000000,0.000000,-0.470000,9.570000,2.380000,-0.040000,-0.070000,-0.020000,38.190000,-10.250000,-10.380000
0.186000,399158.000000,0.000000,1868.000000,1860.000000,759.000000,1821.000000,1776.000000,0.000000,0.000000,0.000000,0.000000,0.000000,0.000000,0.000000,0.000000,0.000000,-0.470000,9.570000,2.380000,-0.040000,-0.070000,-0.020000,38.190000,-10.250000,-10.380000
0.188000,399159.000000,2.000000,1895.000000,1867.000000,847.000000,1834.000000,1841.000000,0.000000,0.000000,0.000000,0.000000,0.000000,0.000000,0.000000,0.000000,0.000000,-0.470000,9.570000,2.380000,-0.040000,-0.070000,-0.020000,38.190000,-10.250000,-10.380000
0.190000,399160.000000,111.000000,1872.000000,1862.000000,869.000000,1807.000000,1840.000000,0.000000,0.000000,0.000000,0.000000,0.000000,0.000000,0.000000,0.000000,0.000000,-0.480000,9.580000,2.350000,-0.030000,-0.060000,-0.020000,38.190000,-10.250000,-10.380000
0.192000,399161.000000,22.000000,1882.000000,1858.000000,863.000000,1811.000000,1843.000000,0.000000,0.000000,0.000000,0.000000,0.000000,0.000000,0.000000,0.000000,0.000000,-0.480000,9.580000,2.350000,-0.030000,-0.060000,-0.020000,38.190000,-10.250000,-10.380000
0.194000,399162.000000,0.000000,1858.000000,1872.000000,893.000000,1831.000000,1855.000000,0.000000,0.000000,0.000000,0.000000,0.000000,0.000000,0.000000,0.000000,0.000000,-0.480000,9.580000,2.350000,-0.030000,-0.060000,-0.020000,38.190000,-10.250000,-10.380000
0.196000,399163.000000,15.000000,1878.000000,1871.000000,950.000000,1825.000000,2023.000000,0.000000,0.000000,0.000000,0.000000,0.000000,0.000000,0.000000,0.000000,0.000000,-0.480000,9.580000,2.350000,-0.030000,-0.060000,-0.020000,38.190000,-10.250000,-10.380000
0.198000,399164.000000,14.000000,1881.000000,1893.000000,985.000000,1825.000000,1900.000000,0.000000,0.000000,0.000000,0.000000,0.000000,0.000000,0.000000,0.000000,0.000000,-0.480000,9.580000,2.350000,-0.030000,-0.060000,-0.020000,38.190000,-10.250000,-10.380000
0.200000,399165.000000,1.000000,1895.000000,1887.000000,890.000000,1828.000000,1765.000000,0.000000,0.000000,0.000000,0.000000,0.000000,0.000000,0.000000,0.000000,0.000000,-0.550000,9.570000,2.250000,-0.020000,-0.070000,-0.020000,38.190000,-10.250000,-10.380000
0.202000,399166.000000,592.000000,1892.000000,1885.000000,800.000000,1822.000000,1675.000000,0.000000,0.000000,0.000000,0.000000,0.000000,0.000000,0.000000,0.000000,0.000000,-0.550000,9.570000,2.250000,-0.020000,-0.070000,-0.020000,38.190000,-10.250000,-10.380000
0.204000,399167.000000,11.000000,1881.000000,1887.000000,768.000000,1822.000000,1682.000000,0.000000,0.000000,0.000000,0.000000,0.000000,0.000000,0.000000,0.000000,0.000000,-0.550000,9.570000,2.250000,-0.020000,-0.070000,-0.020000,38.190000,-10.250000,-10.380000
0.206000,399168.000000,0.000000,1872.000000,1855.000000,785.000000,1815.000000,1779.000000,0.000000,0.000000,0.000000,0.000000,0.000000,0.000000,0.000000,0.000000,0.000000,-0.550000,9.570000,2.250000,-0.020000,-0.070000,-0.020000,38.190000,-10.250000,-10.380000
0.208000,399169.000000,6.000000,1870.000000,1835.000000,842.000000,1790.000000,1847.000000,0.000000,0.000000,0.000000,0.000000,0.000000,0.000000,0.000000,0.000000,0.000000,-0.550000,9.570000,2.250000,-0.020000,-0.070000,-0.020000,38.190000,-10.250000,-10.380000
0.210000,399170.000000,69.000000,1861.000000,1861.000000,854.000000,1791.000000,1840.000000,0.000000,0.000000,0.000000,0.000000,0.000000,0.000000,0.000000,0.000000,0.000000,-0.560000,9.600000,2.280000,-0.020000,-0.070000,-0.020000,38.190000,-10.250000,-10.380000
0.212000,399171.000000,41.000000,1859.000000,1845.000000,880.000000,1779.000000,1829.000000,0.000000,0.000000,0.000000,0.000000,0.000000,0.000000,0.000000,0.000000,0.000000,-0.560000,9.600000,2.280000,-0.020000,-0.070000,-0.020000,38.190000,-10.250000,-10.380000
0.214000,399172.000000,7.000000,1869.000000,1858.000000,890.000000,1779.000000,1852.000000,0.000000,0.000000,0.000000,0.000000,0.000000,0.000000,0.000000,0.000000,0.000000,-0.560000,9.600000,2.280000,-0.020000,-0.070000,-0.020000,38.190000,-10.250000,-10.380000
0.216000,399173.000000,16.000000,1862.000000,1847.000000,975.000000,1776.000000,1990.000000,0.000000,0.000000,0.000000,0.000000,0.000000,0.000000,0.000000,0.000000,0.000000,-0.560000,9.600000,2.280000,-0.020000,-0.070000,-0.020000,38.190000,-10.250000,-10.380000
0.218000,399174.000000,16.000000,1878.000000,1872.000000,1003.000000,1809.000000,1882.000000,0.000000,0.000000,0.000000,0.000000,0.000000,0.000000,0.000000,0.000000,0.000000,-0.560000,9.600000,2.280000,-0.020000,-0.070000,-0.020000,38.190000,-10.250000,-10.380000
0.220000,399175.000000,166.000000,1890.000000,1862.000000,899.000000,1813.000000,1795.000000,0.000000,0.000000,0.000000,0.000000,0.000000,0.000000,0.000000,0.000000,0.000000,-0.600000,9.590000,2.290000,-0.020000,-0.080000,-0.020000,38.190000,-11.750000,-10.750000
0.222000,399176.000000,5.000000,1869.000000,1855.000000,813.000000,1815.000000,1648.000000,0.000000,0.000000,0.000000,0.000000,0.000000,0.000000,0.000000,0.000000,0.000000,-0.600000,9.590000,2.290000,-0.020000,-0.080000,-0.020000,38.190000,-11.750000,-10.750000
0.224000,399177.000000,48.000000,1857.000000,1863.000000,753.000000,1807.000000,1742.000000,0.000000,0.000000,0.000000,0.000000,0.000000,0.000000,0.000000,0.000000,0.000000,-0.600000,9.590000,2.290000,-0.020000,-0.080000,-0.020000,38.190000,-11.750000,-10.750000
0.226000,399178.000000,0.000000,1835.000000,1837.000000,761.000000,1793.000000,1793.000000,0.000000,0.000000,0.000000,0.000000,0.000000,0.000000,0.000000,0.000000,0.000000,-0.600000,9.590000,2.290000,-0.020000,-0.080000,-0.020000,38.190000,-11.750000,-10.750000
0.228000,399179.000000,3.000000,1833.000000,1838.000000,854.000000,1779.000000,1840.000000,0.000000,0.000000,0.000000,0.000000,0.000000,0.000000,0.000000,0.000000,0.000000,-0.600000,9.590000,2.290000,-0.020000,-0.080000,-0.020000,38.190000,-11.750000,-10.750000
0.230000,399180.000000,583.000000,1842.000000,1821.000000,855.000000,1781.000000,1843.000000,0.000000,0.000000,0.000000,0.000000,0.000000,0.000000,0.000000,0.000000,0.000000,-0.600000,9.560000,2.300000,-0.020000,-0.090000,-0.010000,38.190000,-11.750000,-10.750000
0.232000,399181.000000,25.000000,1840.000000,1839.000000,880.000000,1776.000000,1854.000000,0.000000,0.000000,0.000000,0.000000,0.000000,0.000000,0.000000,0.000000,0.000000,-0.600000,9.560000,2.300000,-0.020000,-0.090000,-0.010000,38.190000,-11.750000,-10.750000
0.234000,399182.000000,15.000000,1827.000000,1808.000000,889.000000,1749.000000,1841.000000,0.000000,0.000000,0.000000,0.000000,0.000000,0.000000,0.000000,0.000000,0.000000,-0.600000,9.560000,2.300000,-0.020000,-0.090000,-0.010000,38.190000,-11.750000,-10.750000
0.236000,399183.000000,16.000000,1795.000000,1838.000000,954.000000,1789.000000,2020.000000,0.000000,0.000000,0.000000,0.000000,0.000000,0.000000,0.000000,0.000000,0.000000,-0.600000,9.560000,2.300000,-0.020000,-0.090000,-0.010000,38.190000,-11.750000,-10.750000
0.238000,399184.000000,10.000000,1834.000000,1831.000000,986.000000,1790.000000,1874.000000,0.000000,0.000000,0.000000,0.000000,0.000000,0.000000,0.000000,0.000000,0.000000,-0.600000,9.560000,2.300000,-0.020000,-0.090000,-0.010000,38.190000,-11.750000,-10.750000
0.240000,399185.000000,77.000000,1830.000000,1840.000000,893.000000,1783.000000,1774.000000,0.000000,0.000000,0.000000,0.000000,0.000000,0.000000,0.000000,0.000000,0.000000,-0.630000,9.560000,2.290000,-0.020000,-0.080000,-0.020000,38.190000,-11.750000,-10.750000
0.242000,399186.000000,17.000000,1835.000000,1840.000000,799.000000,1774.000000,1632.000000,0.000000,0.000000,0.000000,0.000000,0.000000,0.000000,0.000000,0.000000,0.000000,-0.630000,9.560000,2.290000,-0.020000,-0.080000,-0.020000,38.190000,-11.750000,-10.750000
0.244000,399187.000000,0.000000,1801.000000,1851.000000,746.000000,1753.000000,1711.000000,0.000000,0.000000,0.000000,0.000000,0.000000,0.000000,0.000000,0.000000,0.000000,-0.630000,9.560000,2.290000,-0.020000,-0.080000,-0.020000,38.190000,-11.750000,-10.750000
0.246000,399188.000000,0.000000,1793.000000,1830.000000,774.000000,1754.000000,1797.000000,0.000000,0.000000,0.000000,0.000000,0.000000,0.000000,0.000000,0.000000,0.000000,-0.630000,9.560000,2.290000,-0.020000,-0.080000,-0.020000,38.190000,-11.750000,-10.750000
0.248000,399189.000000,0.000000,1795.000000,1811.000000,816.000000,1754.000000,1845.000000,0.000000,0.000000,0.000000,0.000000,0.000000,0.000000,0.000000,0.000000,0.000000,-0.630000,9.560000,2.290000,-0.020000,-0.080000,-0.020000,38.190000,-11.750000,-10.750000
0.250000,399190.000000,65.000000,1803.000000,1818.000000,870.000000,1756.000000,1825.000000,0.000000,0.000000,0.000000,0.000000,0.000000,0.000000,0.000000,0.000000,0.000000,-0.590000,9.550000,2.230000,-0.020000,-0.070000,-0.010000,38.190000,-11.750000,-10.750000
0.252000,399191.000000,14.000000,1788.000000,1792.000000,887.000000,1759.000000,1855.000000,0.000000,0.000000,0.000000,0.000000,0.000000,0.000000,0.000000,0.000000,0.000000,-0.590000,9.550000,2.230000,-0.020000,-0.070000,-0.010000,38.190000,-11.750000,-10.750000
0.254000,399192.000000,0.000000,1776.000000,1826.000000,893.000000,1764.000000,1847.000000,0.000000,0.000000,0.000000,0.000000,0.000000,0.000000,0.000000,0.000000,0.000000,-0.590000,9.550000,2.230000,-0.020000,-0.070000,-0.010000,38.190000,-11.750000,-10.750000
0.256000,399193.000000,16.000000,1774.000000,1794.000000,951.000000,1775.000000,2017.000000,0.000000,0.000000,0.000000,0.000000,0.000000,0.000000,0.000000,0.000000,0.000000,-0.590000,9.550000,2.230000,-0.020000,-0.070000,-0.010000,38.190000,-11.750000,-10.750000
0.258000,399194.000000,16.000000,1770.000000,1828.000000,974.000000,1749.000000,1871.000000,0.000000,0.000000,0.000000,0.000000,0.000000,0.000000,0.000000,0.000000,0.000000,-0.590000,9.550000,2.230000,-0.020000,-0.070000,-0.010000,38.190000,-11.750000,-10.750000
0.260000,399195.000000,36.000000,1777.000000,1840.000000,882.000000,1760.000000,1759.000000,0.000000,0.000000,0.000000,0.000000,0.000000,0.000000,0.000000,0.000000,0.000000,-0.590000,9.530000,2.300000,-0.020000,-0.070000,-0.010000,38.190000,-11.750000,-10.750000
0.262000,399196.000000,16.000000,1759.000000,1828.000000,805.000000,1782.000000,1631.000000,0.000000,0.000000,0.000000,0.000000,0.000000,0.000000,0.000000,0.000000,0.000000,-0.590000,9.530000,2.300000,-0.020000,-0.070000,-0.010000,38.190000,-11.750000,-10.750000
0.264000,399197.000000,0.000000,1757.000000,1813.000000,768.000000,1770.000000,1724.000000,0.000000,0.000000,0.000000,0.000000,0.000000,0.000000,0.000000,0.000000,0.000000,-0.590000,9.530000,2.300000,-0.020000,-0.070000,-0.010000,38.190000,-11.750000,-10.750000
0.266000,399198.000000,0.000000,1748.000000,1815.000000,752.000000,1753.000000,1776.000000,0.000000,0.000000,0.000000,0.000000,0.000000,0.000000,0.000000,0.000000,0.000000,-0.590000,9.530000,2.300000,-0.020000,-0.070000,-0.010000,38.190000,-11.750000,-10.750000
0.268000,399199.000000,7.000000,1744.000000,1803.000000,839.000000,1765.000000,1822.000000,0.000000,0.000000,0.000000,0.000000,0.000000,0.000000,0.000000,0.000000,0.000000,-0.590000,9.530000,2.300000,-0.020000,-0.070000,-0.010000,38.190000,-11.750000,-10.750000
0.270000,399200.000000,193.000000,1741.000000,1791.000000,859.000000,1754.000000,1823.000000,0.000000,0.000000,0.000000,0.000000,0.000000,0.000000,0.000000,0.000000,0.000000,-0.570000,9.540000,2.470000,-0.010000,-0.060000,-0.010000,38.190000,-9.190000,-10.750000
0.272000,399201.000000,16.000000,1730.000000,1806.000000,871.000000,1759.000000,1840.000000,0.000000,0.000000,0.000000,0.000000,0.000000,0.000000,0.000000,0.000000,0.000000,-0.570000,9.540000,2.470000,-0.010000,-0.060000,-0.010000,38.190000,-9.190000,-10.750000
0.274000,399202.000000,64.000000,1743.000000,1787.000000,890.000000,1760.000000,1834.000000,0.000000,0.000000,0.000000,0.000000,0.000000,0.000000,0.000000,0.000000,0.000000,-0.570000,9.540000,2.470000,-0.010000,-0.060000,-0.010000,38.190000,-9.190000,-10.750000
0.276000,399203.000000,19.000000,1742.000000,1791.000000,985.000000,1751.000000,2011.000000,0.000000,0.000000,0.000000,0.000000,0.000000,0.000000,0.000000,0.000000,0.000000,-0.570000,9.540000,2.470000,-0.010000,-0.060000,-0.010000,38.190000,-9.190000,-10.750000
0.278000,399204.000000,6.000000,1761.000000,1799.000000,976.000000,1758.000000,1875.000000,0.000000,0.000000,0.000000,0.000000,0.000000,0.000000,0.000000,0.000000,0.000000,-0.570000,9.540000,2.470000,-0.010000,-0.060000,-0.010000,38.190000,-9.190000,-10.750000
0.280000,399205.000000,549.000000,1745.000000,1815.000000,889.000000,1765.000000,1776.000000,0.000000,0.000000,0.000000,0.000000,0.000000,0.000000,0.000000,0.000000,0.000000,-0.570000,9.540000,2.470000,-0.010000,-0.070000,-0.010000,38.190000,-9.190000,-10.750000
0.282000,399206.000000,4.000000,1757.000000,1789.000000,787.000000,1769.000000,1638.000000,0.000000,0.000000,0.000000,0.000000,0.000000,0.000000,0.000000,0.000000,0.000000,-0.570000,9.540000,2.470000,-0.010000,-0.070000,-0.010000,38.190000,-9.190000,-10.750000
0.284000,399207.000000,0.000000,1726.000000,1795.000000,742.000000,1755.000000,1714.000000,0.000000,0.000000,0.000000,0.000000,0.000000,0.000000,0.000000,0.000000,0.000000,-0.570000,9.540000,2.470000,-0.010000,-0.070000,-0.010000,38.190000,-9.190000,-10.750000
0.286000,399208.000000,0.000000,1749.000000,1759.000000,768.000000,1745.000000,1806.000000,0.000000,0.000000,0.000000,0.000000,0.000000,0.000000,0.000000,0.000000,0.000000,-0.570000,9.540000,2.470000,-0.010000,-0.070000,-0.010000,38.190000,-9.190000,-10.750000
0.288000,399209.000000,0.000000,1742.000000,1759.000000,850.000000,1746.000000,1827.000000,0.000000,0.000000,0.000000,0.000000,0.000000,0.000000,0.000000,0.000000,0.000000,-0.570000,9.540000,2.470000,-0.010000,-0.070000,-0.010000,38.190000,-9.190000,-10.750000
0.290000,399210.000000,91.000000,1744.000000,1742.000000,877.000000,1727.000000,1814.000000,0.000000,0.000000,0.000000,0.000000,0.000000,0.000000,0.000000,0.000000,0.000000,-0.550000,9.550000,2.500000,-0.010000,-0.070000,-0.010000,38.190000,-9.190000,-10.750000
0.292000,399211.000000,2.000000,1737.000000,1770.000000,843.000000,1721.000000,1796.000000,0.000000,0.000000,0.000000,0.000000,0.000000,0.000000,0.000000,0.000000,0.000000,-0.550000,9.550000,2.500000,-0.010000,-0.070000,-0.010000,38.190000,-9.190000,-10.750000
0.294000,399212.000000,1.000000,1743.000000,1759.000000,880.000000,1764.000000,1856.000000,0.000000,0.000000,0.000000,0.000000,0.000000,0.000000,0.000000,0.000000,0.000000,-0.550000,9.550000,2.500000,-0.010000,-0.070000,-0.010000,38.190000,-9.190000,-10.750000
0.296000,399213.000000,12.000000,1738.000000,1760.000000,970.000000,1727.000000,2003.000000,0.000000,0.000000,0.000000,0.000000,0.000000,0.000000,0.000000,0.000000,0.000000,-0.550000,9.550000,2.500000,-0.010000,-0.070000,-0.010000,38.190000,-9.190000,-10.750000
0.298000,399214.000000,13.000000,1744.000000,1770.000000,948.000000,1744.000000,1843.000000,0.000000,0.000000,0.000000,0.000000,0.000000,0.000000,0.000000,0.000000,0.000000,-0.550000,9.550000,2.500000,-0.010000,-0.070000,-0.010000,38.190000,-9.190000,-10.750000
0.300000,399215.000000,48.000000,1746.000000,1744.000000,889.000000,1758.000000,1770.000000,0.000000,0.000000,0.000000,0.000000,0.000000,0.000000,0.000000,0.000000,0.000000,-0.510000,9.550000,2.450000,-0.010000,-0.080000,-0.010000,38.190000,-9.190000,-10.750000
0.302000,399216.000000,26.000000,1743.000000,1759.000000,795.000000,1750.000000,1606.000000,0.000000,0.000000,0.000000,0.000000,0.000000,0.000000,0.000000,0.000000,0.000000,-0.510000,9.550000,2.450000,-0.010000,-0.080000,-0.010000,38.190000,-9.190000,-10.750000
0.304000,399217.000000,1.000000,1744.000000,1728.000000,758.000000,1730.000000,1721.000000,0.000000,0.000000,0.000000,0.000000,0.000000,0.000000,0.000000,0.000000,0.000000,-0.510000,9.550000,2.450000,-0.010000,-0.080000,-0.010000,38.190000,-9.190000,-10.750000
0.306000,399218.000000,0.000000,1715.000000,1751.000000,773.000000,1727.000000,1807.000000,0.000000,0.000000,0.000000,0.000000,0.000000,0.000000,0.000000,0.000000,0.000000,-0.510000,9.550000,2.450000,-0.010000,-0.080000,-0.010000,38.190000,-9.190000,-10.750000
0.308000,399219.000000,0.000000,1739.000000,1744.000000,849.000000,1715.000000,1821.000000,0.000000,0.000000,0.000000,0.000000,0.000000,0.000000,0.000000,0.000000,0.000000,-0.510000,9.550000,2.450000,-0.010000,-0.080000,-0.010000,38.190000,-9.190000,-10.750000
0.310000,399220.000000,177.000000,1712.000000,1745.000000,848.000000,1730.000000,1822.000000,0.000000,0.000000,0.000000,0.000000,0.000000,0.000000,0.000000,0.000000,0.000000,-0.470000,9.540000,2.500000,-0.020000,-0.090000,-0.010000,38.190000,-9.190000,-10.750000
0.312000,399221.000000,14.000000,1717.000000,1744.000000,870.000000,1726.000000,1849.000000,0.000000,0.000000,0.000000,0.000000,0.000000,0.000000,0.000000,0.000000,0.000000,-0.470000,9.540000,2.500000,-0.020000,-0.090000,-0.010000,38.190000,-9.190000,-10.750000
0.314000,399222.000000,0.000000,1739.000000,1733.000000,883.000000,1766.000000,1840.000000,0.000000,0.000000,0.000000,0.000000,0.000000,0.000000,0.000000,0.000000,0.000000,-0.470000,9.540000,2.500000,-0.020000,-0.090000,-0.010000,38.190000,-9.190000,-10.750000
0.316000,399223.000000,16.000000,1723.000000,1745.000000,973.000000,1723.000000,1996.000000,0.000000,0.000000,0.000000,0.000000,0.000000,0.000000,0.000000,0.000000,0.000000,-0.470000,9.540000,2.500000,-0.020000,-0.090000,-0.010000,38.190000,-9.190000,-10.750000
0.318000,399224.000000,7.000000,1737.000000,1744.000000,942.000000,1713.000000,1840.000000,0.000000,0.000000,0.000000,0.000000,0.000000,0.000000,0.000000,0.000000,0.000000,-0.470000,9.540000,2.500000,-0.020000,-0.090000,-0.010000,38.190000,-9.190000,-10.750000
0.320000,399225.000000,105.000000,1749.000000,1744.000000,867.000000,1753.000000,1744.000000,0.000000,0.000000,0.000000,0.000000,0.000000,0.000000,0.000000,0.000000,0.000000,-0.440000,9.530000,2.480000,-0.020000,-0.090000,-0.010000,38.560000,-12.190000,-12.060000
0.322000,399226.000000,0.000000,1758.000000,1746.000000,768.000000,1744.000000,1612.000000,0.000000,0.000000,0.000000,0.000000,0.000000,0.000000,0.000000,0.000000,0.000000,-0.440000,9.530000,2.480000,-0.020000,-0.090000,-0.010000,38.560000,-12.190000,-12.060000
0.324000,399227.000000,50.000000,1730.000000,1747.000000,739.000000,1724.000000,1724.000000,0.000000,0.000000,0.000000,0.000000,0.000000,0.000000,0.000000,0.000000,0.000000,-0.440000,9.530000,2.480000,-0.020000,-0.090000,-0.010000,38.560000,-12.190000,-12.060000
0.326000,399228.000000,0.000000,1730.000000,1746.000000,777.000000,1712.000000,1797.000000,0.000000,0.000000,0.000000,0.000000,0.000000,0.000000,0.000000,0.000000,0.000000,-0.440000,9.530000,2.480000,-0.020000,-0.090000,-0.010000,38.560000,-12.190000,-12.060000
0.328000,399229.000000,0.000000,1705.000000,1722.000000,833.000000,1691.000000,1818.000000,0.000000,0.000000,0.000000,0.000000,0.000000,0.000000,0.000000,0.000000,0.000000,-0.440000,9.530000,2.480000,-0.020000,-0.090000,-0.010000,38.560000,-12.190000,-12.060000
0.330000,399230.000000,541.000000,1702.000000,1729.000000,842.000000,1714.000000,1786.000000,0.000000,0.000000,0.000000,0.000000,0.000000,0.000000,0.000000,0.000000,0.000000,-0.440000,9.530000,2.480000,-0.020000,-0.080000,-0.010000,38.560000,-12.190000,-12.060000
0.332000,399231.000000,15.000000,1741.000000,1747.000000,852.000000,1700.000000,1828.000000,0.000000,0.000000,0.000000,0.000000,0.000000,0.000000,0.000000,0.000000,0.000000,-0.440000,9.530000,2.480000,-0.020000,-0.080000,-0.010000,38.560000,-12.190000,-12.060000
0.334000,399232.000000,0.000000,1725.000000,1747.000000,880.000000,1701.000000,1842.000000,0.000000,0.000000,0.000000,0.000000,0.000000,0.000000,0.000000,0.000000,0.000000,-0.440000,9.530000,2.480000,-0.020000,-0.080000,-0.010000,38.560000,-12.190000,-12.060000
0.336000,399233.000000,32.000000,1713.000000,1735.000000,970.000000,1714.000000,2000.000000,0.000000,0.000000,0.000000,0.000000,0.000000,0.000000,0.000000,0.000000,0.000000,-0.440000,9.530000,2.480000,-0.020000,-0.080000,-0.010000,38.560000,-12.190000,-12.060000
0.338000,399234.000000,7.000000,1725.000000,1744.000000,966.000000,1738.000000,1824.000000,0.000000,0.000000,0.000000,0.000000,0.000000,0.000000,0.000000,0.000000,0.000000,-0.440000,9.530000,2.480000,-0.020000,-0.080000,-0.010000,38.560000,-12.190000,-12.060000
0.340000,399235.000000,3.000000,1734.000000,1776.000000,850.000000,1698.000000,1755.000000,0.000000,0.000000,0.000000,0.000000,0.000000,0.000000,0.000000,0.000000,0.000000,-0.440000,9.520000,2.530000,-0.020000,-0.060000,-0.010000,38.560000,-12.190000,-12.060000
0.342000,399236.000000,52.000000,1729.000000,1743.000000,784.000000,1715.000000,1611.000000,0.000000,0.000000,0.000000,0.000000,0.000000,0.000000,0.000000,0.000000,0.000000,-0.440000,9.520000,2.530000,-0.020000,-0.060000,-0.010000,38.560000,-12.190000,-12.060000
0.344000,399237.000000,0.000000,1711.000000,1751.000000,751.000000,1685.000000,1708.000000,0.000000,0.000000,0.000000,0.000000,0.000000,0.000000,0.000000,0.000000,0.000000,-0.440000,9.520000,2.530000,-0.020000,-0.060000,-0.010000,38.560000,-12.190000,-12.060000
0.346000,399238.000000,0.000000,1712.000000,1744.000000,789.000000,1680.000000,1811.000000,0.000000,0.000000,0.000000,0.000000,0.000000,0.000000,0.000000,0.000000,0.000000,-0.440000,9.520000,2.530000,-0.020000,-0.060000,-0.010000,38.560000,-12.190000,-12.060000
0.348000,399239.000000,1.000000,1711.000000,1765.000000,831.000000,1670.000000,1809.000000,0.000000,0.000000,0.000000,0.000000,0.000000,0.000000,0.000000,0.000000,0.000000,-0.440000,9.520000,2.530000,-0.020000,-0.060000,-0.010000,38.560000,-12.190000,-12.060000
0.350000,399240.000000,33.000000,1692.000000,1749.000000,848.000000,1651.000000,1812.000000,0.000000,0.000000,0.000000,0.000000,0.000000,0.000000,0.000000,0.000000,0.000000,-0.480000,9.510000,2.390000,-0.020000,-0.050000,0.000000,38.560000,-12.190000,-12.060000
0.352000,399241.000000,7.000000,1692.000000,1747.000000,875.000000,1664.000000,1823.000000,0.000000,0.000000,0.000000,0.000000,0.000000,0.000000,0.000000,0.000000,0.000000,-0.480000,9.510000,2.390000,-0.020000,-0.050000,0.000000,38.560000,-12.190000,-12.060000
0.354000,399242.000000,0.000000,1712.000000,1745.000000,874.000000,1675.000000,1859.000000,0.000000,0.000000,0.000000,0.000000,0.000000,0.000000,0.000000,0.000000,0.000000,-0.480000,9.510000,2.390000,-0.020000,-0.050000,0.000000,38.560000,-12.190000,-12.060000
0.356000,399243.000000,16.000000,1706.000000,1773.000000,969.000000,1643.000000,1979.000000,0.000000,0.000000,0.000000,0.000000,0.000000,0.000000,0.000000,0.000000,0.000000,-0.480000,9.510000,2.390000,-0.020000,-0.050000,0.000000,38.560000,-12.190000,-12.060000
0.358000,399244.000000,3.000000,1712.000000,1744.000000,950.000000,1645.000000,1826.000000,0.000000,0.000000,0.000000,0.000000,0.000000,0.000000,0.000000,0.000000,0.000000,-0.480000,9.510000,2.390000,-0.020000,-0.050000,0.000000,38.560000,-12.190000,-12.060000
0.360000,399245.000000,403.000000,1718.000000,1754.000000,863.000000,1667.000000,1758.000000,0.000000,0.000000,0.000000,0.000000,0.000000,0.000000,0.000000,0.000000,0.000000,-0.530000,9.500000,2.450000,-0.020000,-0.030000,0.000000,38.560000,-12.190000,-12.060000
0.362000,399246.000000,2.000000,1709.000000,1773.000000,747.000000,1664.000000,1614.000000,0.000000,0.000000,0.000000,0.000000,0.000000,0.000000,0.000000,0.000000,0.000000,-0.530000,9.500000,2.450000,-0.020000,-0.030000,0.000000,38.560000,-12.190000,-12.060000
0.364000,399247.000000,0.000000,1710.000000,1773.000000,733.000000,1647.000000,1718.000000,0.000000,0.000000,0.000000,0.000000,0.000000,0.000000,0.000000,0.000000,0.000000,-0.530000,9.500000,2.450000,-0.020000,-0.030000,0.000000,38.560000,-12.190000,-12.060000
0.366000,399248.000000,0.000000,1691.000000,1756.000000,779.000000,1642.000000,1791.000000,0.000000,0.000000,0.000000,0.000000,0.000000,0.000000,0.000000,0.000000,0.000000,-0.530000,9.500000,2.450000,-0.020000,-0.030000,0.000000,38.560000,-12.190000,-12.060000
0.368000,399249.000000,0.000000,1702.000000,1776.000000,845.000000,1648.000000,1808.000000,0.000000,0.000000,0.000000,0.000000,0.000000,0.000000,0.000000,0.000000,0.000000,-0.530000,9.500000,2.450000,-0.020000,-0.030000,0.000000,38.560000,-12.190000,-12.060000
0.370000,399250.000000,107.000000,1703.000000,1759.000000,862.000000,1616.000000,1806.000000,0.000000,0.000000,0.000000,0.000000,0.000000,0.000000,0.000000,0.000000,0.000000,-0.570000,9.510000,2.480000,-0.020000,-0.010000,0.000000,37.750000,-10.690000,-10.380000
0.372000,399251.000000,16.000000,1703.000000,1741.000000,847.000000,1627.000000,1815.000000,0.000000,0.000000,0.000000,0.000000,0.000000,0.000000,0.000000,0.000000,0.000000,-0.570000,9.510000,2.480000,-0.020000,-0.010000,0.000000,37.750000,-10.690000,-10.380000
0.374000,399252.000000,79.000000,1711.000000,1733.000000,880.000000,1630.000000,1847.000000,0.000000,0.000000,0.000000,0.000000,0.000000,0.000000,0.000000,0.000000,0.000000,-0.570000,9.510000,2.480000,-0.020000,-0.010000,0.000000,37.750000,-10.690000,-10.380000
0.376000,399253.000000,16.000000,1713.000000,1759.000000,983.000000,1623.000000,1981.000000,0.000000,0.000000,0.000000,0.000000,0.000000,0.000000,0.000000,0.000000,0.000000,-0.570000,9.510000,2.480000,-0.020000,-0.010000,0.000000,37.750000,-10.690000,-10.380000
0.378000,399254.000000,2.000000,1728.000000,1776.000000,934.000000,1646.000000,1801.000000,0.000000,0.000000,0.000000,0.000000,0.000000,0.000000,0.000000,0.000000,0.000000,-0.570000,9.510000,2.480000,-0.020000,-0.010000,0.000000,37.750000,-10.690000,-10.380000
0.380000,399255.000000,542.000000,1717.000000,1777.000000,848.000000,1637.000000,1747.000000,0.000000,0.000000,0.000000,0.000000,0.000000,0.000000,0.000000,0.000000,0.000000,-0.570000,9.520000,2.530000,-0.020000,0.000000,0.010000,37.750000,-10.690000,-10.380000
0.382000,399256.000000,0.000000,1731.000000,1759.000000,748.000000,1636.000000,1618.000000,0.000000,0.000000,0.000000,0.000000,0.000000,0.000000,0.000000,0.000000,0.000000,-0.570000,9.520000,2.530000,-0.020000,0.000000,0.010000,37.750000,-10.690000,-10.380000
0.384000,399257.000000,0.000000,1726.000000,1759.000000,754.000000,1632.000000,1710.000000,0.000000,0.000000,0.000000,0.000000,0.000000,0.000000,0.000000,0.000000,0.000000,-0.570000,9.520000,2.530000,-0.020000,0.000000,0.010000,37.750000,-10.690000,-10.380000
0.386000,399258.000000,0.000000,1712.000000,1739.000000,781.000000,1629.000000,1793.000000,0.000000,0.000000,0.000000,0.000000,0.000000,0.000000,0.000000,0.000000,0.000000,-0.570000,9.520000,2.530000,-0.020000,0.000000,0.010000,37.750000,-10.690000,-10.380000
0.388000,399259.000000,0.000000,1728.000000,1747.000000,839.000000,1631.000000,1801.000000,0.000000,0.000000,0.000000,0.000000,0.000000,0.000000,0.000000,0.000000,0.000000,-0.570000,9.520000,2.530000,-0.020000,0.000000,0.010000,37.750000,-10.690000,-10.380000
0.390000,399260.000000,46.000000,1694.000000,1778.000000,855.000000,1616.000000,1821.000000,0.000000,0.000000,0.000000,0.000000,0.000000,0.000000,0.000000,0.000000,0.000000,-0.620000,9.540000,2.440000,-0.020000,0.000000,0.000000,37.750000,-10.690000,-10.380000
0.392000,399261.000000,17.000000,1727.000000,1759.000000,863.000000,1599.000000,1824.000000,0.000000,0.000000,0.000000,0.000000,0.000000,0.000000,0.000000,0.000000,0.000000,-0.620000,9.540000,2.440000,-0.020000,0.000000,0.000000,37.750000,-10.690000,-10.380000
0.394000,399262.000000,0.000000,1724.000000,1771.000000,879.000000,1600.000000,1845.000000,0.000000,0.000000,0.000000,0.000000,0.000000,0.000000,0.000000,0.000000,0.000000,-0.620000,9.540000,2.440000,-0.020000,0.000000,0.000000,37.750000,-10.690000,-10.380000
0.396000,399263.000000,16.000000,1744.000000,1745.000000,971.000000,1606.000000,1968.000000,0.000000,0.000000,0.000000,0.000000,0.000000,0.000000,0.000000,0.000000,0.000000,-0.620000,9.540000,2.440000,-0.020000,0.000000,0.000000,37.750000,-10.690000,-10.380000
0.398000,399264.000000,6.000000,1761.000000,1761.000000,929.000000,1638.000000,1809.000000,0.000000,0.000000,0.000000,0.000000,0.000000,0.000000,0.000000,0.000000,0.000000,-0.620000,9.540000,2.440000,-0.020000,0.000000,0.000000,37.750000,-10.690000,-10.380000
0.400000,399265.000000,198.000000,1778.000000,1754.000000,854.000000,1632.000000,1728.000000,0.000000,0.000000,0.000000,0.000000,0.000000,0.000000,0.000000,0.000000,0.000000,-0.600000,9.580000,2.390000,-0.010000,0.000000,0.010000,37.750000,-10.690000,-10.380000
0.402000,399266.000000,0.000000,1775.000000,1756.000000,726.000000,1621.000000,1601.000000,0.000000,0.000000,0.000000,0.000000,0.000000,0.000000,0.000000,0.000000,0.000000,-0.600000,9.580000,2.390000,-0.010000,0.000000,0.010000,37.750000,-10.690000,-10.380000
0.404000,399267.000000,0.000000,1744.000000,1747.000000,759.000000,1629.000000,1680.000000,0.000000,0.000000,0.000000,0.000000,0.000000,0.000000,0.000000,0.000000,0.000000,-0.600000,9.580000,2.390000,-0.010000,0.000000,0.010000,37.750000,-10.690000,-10.380000
0.406000,399268.000000,0.000000,1744.000000,1744.000000,787.000000,1616.000000,1815.000000,0.000000,0.000000,0.000000,0.000000,0.000000,0.000000,0.000000,0.000000,0.000000,-0.600000,9.580000,2.390000,-0.010000,0.000000,0.010000,37.750000,-10.690000,-10.380000
0.408000,399269.000000,0.000000,1756.000000,1765.000000,838.000000,1617.000000,1836.000000,0.000000,0.000000,0.000000,0.000000,0.000000,0.000000,0.000000,0.000000,0.000000,-0.600000,9.580000,2.390000,-0.010000,0.000000,0.010000,37.750000,-10.690000,-10.380000
0.410000,399270.000000,67.000000,1744.000000,1741.000000,861.000000,1605.000000,1806.000000,0.000000,0.000000,0.000000,0.000000,0.000000,0.000000,0.000000,0.000000,0.000000,-0.560000,9.590000,2.380000,-0.010000,0.010000,0.010000,37.750000,-10.690000,-10.380000
0.412000,399271.000000,19.000000,1763.000000,1746.000000,875.000000,1631.000000,1819.000000,0.000000,0.000000,0.000000,0.000000,0.000000,0.000000,0.000000,0.000000,0.000000,-0.560000,9.590000,2.380000,-0.010000,0.010000,0.010000,37.750000,-10.690000,-10.380000
0.414000,399272.000000,0.000000,1760.000000,1734.000000,881.000000,1622.000000,1885.000000,0.000000,0.000000,0.000000,0.000000,0.000000,0.000000,0.000000,0.000000,0.000000,-0.560000,9.590000,2.380000,-0.010000,0.010000,0.010000,37.750000,-10.690000,-10.380000
0.416000,399273.000000,16.000000,1748.000000,1747.000000,979.000000,1632.000000,1972.000000,0.000000,0.000000,0.000000,0.000000,0.000000,0.000000,0.000000,0.000000,0.000000,-0.560000,9.590000,2.380000,-0.010000,0.010000,0.010000,37.750000,-10.690000,-10.380000
0.418000,399274.000000,6.000000,1747.000000,1721.000000,944.000000,1657.000000,1835.000000,0.000000,0.000000,0.000000,0.000000,0.000000,0.000000,0.000000,0.000000,0.000000,-0.560000,9.590000,2.380000,-0.010000,0.010000,0.010000,37.750000,-10.690000,-10.380000
0.420000,399275.000000,81.000000,1757.000000,1765.000000,848.000000,1659.000000,1718.000000,0.000000,0.000000,0.000000,0.000000,0.000000,0.000000,0.000000,0.000000,0.000000,-0.540000,9.580000,2.430000,0.000000,0.010000,0.010000,38.190000,-11.750000,-11.250000
0.422000,399276.000000,0.000000,1776.000000,1739.000000,746.000000,1638.000000,1591.000000,0.000000,0.000000,0.000000,0.000000,0.000000,0.000000,0.000000,0.000000,0.000000,-0.540000,9.580000,2.430000,0.000000,0.010000,0.010000,38.190000,-11.750000,-11.250000
0.424000,399277.000000,70.000000,1770.000000,1757.000000,746.000000,1663.000000,1683.000000,0.000000,0.000000,0.000000,0.000000,0.000000,0.000000,0.000000,0.000000,0.000000,-0.540000,9.580000,2.430000,0.000000,0.010000,0.010000,38.190000,-11.750000,-11.250000
0.426000,399278.000000,0.000000,1756.000000,1746.000000,792.000000,1648.000000,1792.000000,0.000000,0.000000,0.000000,0.000000,0.000000,0.000000,0.000000,0.000000,0.000000,-0.540000,9.580000,2.430000,0.000000,0.010000,0.010000,38.190000,-11.750000,-11.250000
0.428000,399279.000000,13.000000,1744.000000,1716.000000,834.000000,1634.000000,1815.000000,0.000000,0.000000,0.000000,0.000000,0.000000,0.000000,0.000000,0.000000,0.000000,-0.540000,9.580000,2.430000,0.000000,0.010000,0.010000,38.190000,-11.750000,-11.250000
0.430000,399280.000000,382.000000,1735.000000,1745.000000,848.000000,1648.000000,1819.000000,0.000000,0.000000,0.000000,0.000000,0.000000,0.000000,0.000000,0.000000,0.000000,-0.550000,9.580000,2.420000,0.010000,0.010000,0.010000,38.190000,-11.750000,-11.250000
0.432000,399281.000000,14.000000,1761.000000,1763.000000,865.000000,1647.000000,1815.000000,0.000000,0.000000,0.000000,0.000000,0.000000,0.000000,0.000000,0.000000,0.000000,-0.550000,9.580000,2.420000,0.010000,0.010000,0.010000,38.190000,-11.750000,-11.250000
0.434000,399282.000000,2.000000,1733.000000,1741.000000,868.000000,1679.000000,1909.000000,0.000000,0.000000,0.000000,0.000000,0.000000,0.000000,0.000000,0.000000,0.000000,-0.550000,9.580000,2.420000,0.010000,0.010000,0.010000,38.190000,-11.750000,-11.250000
0.436000,399283.000000,16.000000,1744.000000,1768.000000,979.000000,1674.000000,1967.000000,0.000000,0.000000,0.000000,0.000000,0.000000,0.000000,0.000000,0.000000,0.000000,-0.550000,9.580000,2.420000,0.010000,0.010000,0.010000,38.190000,-11.750000,-11.250000
0.438000,399284.000000,1.000000,1744.000000,1770.000000,919.000000,1691.000000,1837.000000,0.000000,0.000000,0.000000,0.000000,0.000000,0.000000,0.000000,0.000000,0.000000,-0.550000,9.580000,2.420000,0.010000,0.010000,0.010000,38.190000,-11.750000,-11.250000
0.440000,399285.000000,64.000000,1742.000000,1756.000000,834.000000,1694.000000,1713.000000,0.000000,0.000000,0.000000,0.000000,0.000000,0.000000,0.000000,0.000000,0.000000,-0.500000,9.530000,2.470000,0.010000,0.010000,0.010000,38.190000,-11.750000,-11.250000
0.442000,399286.000000,35.000000,1781.000000,1765.000000,747.000000,1693.000000,1601.000000,0.000000,0.000000,0.000000,0.000000,0.000000,0.000000,0.000000,0.000000,0.000000,-0.500000,9.530000,2.470000,0.010000,0.010000,0.010000,38.190000,-11.750000,-11.250000
0.444000,399287.000000,0.000000,1725.000000,1757.000000,749.000000,1695.000000,1673.000000,0.000000,0.000000,0.000000,0.000000,0.000000,0.000000,0.000000,0.000000,0.000000,-0.500000,9.530000,2.470000,0.010000,0.010000,0.010000,38.190000,-11.750000,-11.250000
0.446000,399288.000000,1.000000,1744.000000,1776.000000,790.000000,1690.000000,1805.000000,0.000000,0.000000,0.000000,0.000000,0.000000,0.000000,0.000000,0.000000,0.000000,-0.500000,9.530000,2.470000,0.010000,0.010000,0.010000,38.190000,-11.750000,-11.250000
0.448000,399289.000000,0.000000,1724.000000,1742.000000,835.000000,1711.000000,1853.000000,0.000000,0.000000,0.000000,0.000000,0.000000,0.000000,0.000000,0.000000,0.000000,-0.500000,9.530000,2.470000,0.010000,0.010000,0.010000,38.190000,-11.750000,-11.250000
0.450000,399290.000000,68.000000,1721.000000,1770.000000,848.000000,1712.000000,1789.000000,0.000000,0.000000,0.000000,0.000000,0.000000,0.000000,0.000000,0.000000,0.000000,-0.460000,9.490000,2.440000,0.020000,0.020000,0.010000,38.190000,-11.750000,-11.250000
0.452000,399291.000000,11.000000,1731.000000,1782.000000,873.000000,1692.000000,1839.000000,0.000000,0.000000,0.000000,0.000000,0.000000,0.000000,0.000000,0.000000,0.000000,-0.460000,9.490000,2.440000,0.020000,0.020000,0.010000,38.190000,-11.750000,-11.250000
0.454000,399292.000000,0.000000,1746.000000,1779.000000,883.000000,1719.000000,1920.000000,0.000000,0.000000,0.000000,0.000000,0.000000,0.000000,0.000000,0.000000,0.000000,-0.460000,9.490000,2.440000,0.020000,0.020000,0.010000,38.190000,-11.750000,-11.250000
0.456000,399293.000000,16.000000,1728.000000,1791.000000,988.000000,1712.000000,1974.000000,0.000000,0.000000,0.000000,0.000000,0.000000,0.000000,0.000000,0.000000,0.000000,-0.460000,9.490000,2.440000,0.020000,0.020000,0.010000,38.190000,-11.750000,-11.250000
0.458000,399294.000000,7.000000,1759.000000,1787.000000,918.000000,1721.000000,1796.000000,0.000000,0.000000,0.000000,0.000000,0.000000,0.000000,0.000000,0.000000,0.000000,-0.460000,9.490000,2.440000,0.020000,0.020000,0.010000,38.190000,-11.750000,-11.250000
0.460000,399295.000000,94.000000,1749.000000,1792.000000,832.000000,1714.000000,1709.000000,0.000000,0.000000,0.000000,0.000000,0.000000,0.000000,0.000000,0.000000,0.000000,-0.420000,9.500000,2.520000,0.010000,0.030000,0.010000,38.190000,-11.750000,-11.250000
0.462000,399296.000000,0.000000,1745.000000,1792.000000,748.000000,1712.000000,1613.000000,0.000000,0.000000,0.000000,0.000000,0.000000,0.000000,0.000000,0.000000,0.000000,-0.420000,9.500000,2.520000,0.010000,0.030000,0.010000,38.190000,-11.750000,-11.250000
0.464000,399297.000000,0.000000,1749.000000,1781.000000,752.000000,1726.000000,1706.000000,0.000000,0.000000,0.000000,0.000000,0.000000,0.000000,0.000000,0.000000,0.000000,-0.420000,9.500000,2.520000,0.010000,0.030000,0.010000,38.190000,-11.750000,-11.250000
0.466000,399298.000000,2.000000,1737.000000,1766.000000,784.000000,1714.000000,1815.000000,0.000000,0.000000,0.000000,0.000000,0.000000,0.000000,0.000000,0.000000,0.000000,-0.420000,9.500000,2.520000,0.010000,0.030000,0.010000,38.190000,-11.750000,-11.250000
0.468000,399299.000000,3.000000,1753.000000,1786.000000,845.000000,1706.000000,1818.000000,0.000000,0.000000,0.000000,0.000000,0.000000,0.000000,0.000000,0.000000,0.000000,-0.420000,9.500000,2.520000,0.010000,0.030000,0.010000,38.190000,-11.750000,-11.250000
0.470000,399300.000000,553.000000,1744.000000,1792.000000,848.000000,1700.000000,1824.000000,0.000000,0.000000,0.000000,0.000000,0.000000,0.000000,0.000000,0.000000,0.000000,-0.430000,9.500000,2.590000,0.010000,0.030000,0.010000,38.880000,-10.000000,-9.560000
0.472000,399301.000000,13.000000,1775.000000,1769.000000,848.000000,1702.000000,1840.000000,0.000000,0.000000,0.000000,0.000000,0.000000,0.000000,0.000000,0.000000,0.000000,-0.430000,9.500000,2.590000,0.010000,0.030000,0.010000,38.880000,-10.000000,-9.560000
0.474000,399302.000000,79.000000,1763.000000,1781.000000,880.000000,1710.000000,1943.000000,0.000000,0.000000,0.000000,0.000000,0.000000,0.000000,0.000000,0.000000,0.000000,-0.430000,9.500000,2.590000,0.010000,0.030000,0.010000,38.880000,-10.000000,-9.560000
0.476000,399303.000000,30.000000,1769.000000,1796.000000,963.000000,1699.000000,1950.000000,0.000000,0.000000,0.000000,0.000000,0.000000,0.000000,0.000000,0.000000,0.000000,-0.430000,9.500000,2.590000,0.010000,0.030000,0.010000,38.880000,-10.000000,-9.560000
0.478000,399304.000000,6.000000,1787.000000,1793.000000,911.000000,1715.000000,1802.000000,0.000000,0.000000,0.000000,0.000000,0.000000,0.000000,0.000000,0.000000,0.000000,-0.430000,9.500000,2.590000,0.010000,0.030000,0.010000,38.880000,-10.000000,-9.560000
0.480000,399305.000000,560.000000,1785.000000,1788.000000,864.000000,1713.000000,1703.000000,0.000000,0.000000,0.000000,0.000000,0.000000,0.000000,0.000000,0.000000,0.000000,-0.430000,9.500000,2.590000,0.000000,0.030000,0.010000,38.880000,-10.000000,-9.560000
0.482000,399306.000000,0.000000,1793.000000,1807.000000,749.000000,1712.000000,1630.000000,0.000000,0.000000,0.000000,0.000000,0.000000,0.000000,0.000000,0.000000,0.000000,-0.430000,9.500000,2.590000,0.000000,0.030000,0.010000,38.880000,-10.000000,-9.560000
0.484000,399307.000000,3.000000,1763.000000,1771.000000,754.000000,1720.000000,1675.000000,0.000000,0.000000,0.000000,0.000000,0.000000,0.000000,0.000000,0.000000,0.000000,-0.430000,9.500000,2.590000,0.000000,0.030000,0.010000,38.880000,-10.000000,-9.560000
0.486000,399308.000000,8.000000,1760.000000,1777.000000,787.000000,1700.000000,1808.000000,0.000000,0.000000,0.000000,0.000000,0.000000,0.000000,0.000000,0.000000,0.000000,-0.430000,9.500000,2.590000,0.000000,0.030000,0.010000,38.880000,-10.000000,-9.560000
0.488000,399309.000000,2.000000,1744.000000,1776.000000,841.000000,1703.000000,1824.000000,0.000000,0.000000,0.000000,0.000000,0.000000,0.000000,0.000000,0.000000,0.000000,-0.430000,9.500000,2.590000,0.000000,0.030000,0.010000,38.880000,-10.000000,-9.560000
0.490000,399310.000000,80.000000,1784.000000,1776.000000,869.000000,1707.000000,1811.000000,0.000000,0.000000,0.000000,0.000000,0.000000,0.000000,0.000000,0.000000,0.000000,-0.410000,9.490000,2.600000,0.000000,0.040000,0.010000,38.880000,-10.000000,-9.560000
0.492000,399311.000000,7.000000,1781.000000,1780.000000,869.000000,1698.000000,1814.000000,0.000000,0.000000,0.000000,0.000000,0.000000,0.000000,0.000000,0.000000,0.000000,-0.410000,9.490000,2.600000,0.000000,0.040000,0.010000,38.880000,-10.000000,-9.560000
0.494000,399312.000000,8.000000,1760.000000,1787.000000,887.000000,1680.000000,1933.000000,0.000000,0.000000,0.000000,0.000000,0.000000,0.000000,0.000000,0.000000,0.000000,-0.410000,9.490000,2.600000,0.000000,0.040000,0.010000,38.880000,-10.000000,-9.560000
0.496000,399313.000000,16.000000,1780.000000,1767.000000,976.000000,1683.000000,1973.000000,0.000000,0.000000,0.000000,0.000000,0.000000,0.000000,0.000000,0.000000,0.000000,-0.410000,9.490000,2.600000,0.000000,0.040000,0.010000,38.880000,-10.000000,-9.560000
0.498000,399314.000000,5.000000,1782.000000,1782.000000,906.000000,1712.000000,1799.000000,0.000000,0.000000,0.000000,0.000000,0.000000,0.000000,0.000000,0.000000,0.000000,-0.410000,9.490000,2.600000,0.000000,0.040000,0.010000,38.880000,-10.000000,-9.560000
0.500000,399315.000000,287.000000,1787.000000,1783.000000,851.000000,1717.000000,1717.000000,0.000000,0.000000,0.000000,0.000000,0.000000,0.000000,0.000000,0.000000,0.000000,-0.480000,9.510000,2.440000,0.000000,0.030000,0.010000,38.880000,-10.000000,-9.560000
0.502000,399316.000000,11.000000,1797.000000,1782.000000,751.000000,1702.000000,1659.000000,0.000000,0.000000,0.000000,0.000000,0.000000,0.000000,0.000000,0.000000,0.000000,-0.480000,9.510000,2.440000,0.000000,0.030000,0.010000,38.880000,-10.000000,-9.560000
0.504000,399317.000000,0.000000,1764.000000,1759.000000,751.000000,1703.000000,1669.000000,0.000000,0.000000,0.000000,0.000000,0.000000,0.000000,0.000000,0.000000,0.000000,-0.480000,9.510000,2.440000,0.000000,0.030000,0.010000,38.880000,-10.000000,-9.560000
0.506000,399318.000000,0.000000,1771.000000,1761.000000,795.000000,1677.000000,1835.000000,0.000000,0.000000,0.000000,0.000000,0.000000,0.000000,0.000000,0.000000,0.000000,-0.480000,9.510000,2.440000,0.000000,0.030000,0.010000,38.880000,-10.000000,-9.560000
0.508000,399319.000000,0.000000,1762.000000,1778.000000,861.000000,1697.000000,1831.000000,0.000000,0.000000,0.000000,0.000000,0.000000,0.000000,0.000000,0.000000,0.000000,-0.480000,9.510000,2.440000,0.000000,0.030000,0.010000,38.880000,-10.000000,-9.560000
0.510000,399320.000000,90.000000,1761.000000,1790.000000,862.000000,1689.000000,1814.000000,0.000000,0.000000,0.000000,0.000000,0.000000,0.000000,0.000000,0.000000,0.000000,-0.500000,9.510000,2.490000,0.000000,0.030000,0.010000,38.880000,-10.000000,-9.560000
0.512000,399321.000000,39.000000,1771.000000,1777.000000,873.000000,1695.000000,1818.000000,0.000000,0.000000,0.000000,0.000000,0.000000,0.000000,0.000000,0.000000,0.000000,-0.500000,9.510000,2.490000,0.000000,0.030000,0.010000,38.880000,-10.000000,-9.560000
0.514000,399322.000000,12.000000,1763.000000,1757.000000,912.000000,1677.000000,1941.000000,0.000000,0.000000,0.000000,0.000000,0.000000,0.000000,0.000000,0.000000,0.000000,-0.500000,9.510000,2.490000,0.000000,0.030000,0.010000,38.880000,-10.000000,-9.560000
0.516000,399323.000000,19.000000,1781.000000,1789.000000,1002.000000,1691.000000,1936.000000,0.000000,0.000000,0.000000,0.000000,0.000000,0.000000,0.000000,0.000000,0.000000,-0.500000,9.510000,2.490000,0.000000,0.030000,0.010000,38.880000,-10.000000,-9.560000
0.518000,399324.000000,2.000000,1792.000000,1783.000000,933.000000,1695.000000,1790.000000,0.000000,0.000000,0.000000,0.000000,0.000000,0.000000,0.000000,0.000000,0.000000,-0.500000,9.510000,2.490000,0.000000,0.030000,0.010000,38.880000,-10.000000,-9.560000
0.520000,399325.000000,0.000000,1776.000000,1807.000000,842.000000,1715.000000,1677.000000,0.000000,0.000000,0.000000,0.000000,0.000000,0.000000,0.000000,0.000000,0.000000,-0.530000,9.520000,2.500000,0.000000,0.030000,0.010000,38.190000,-12.190000,-10.750000
0.522000,399326.000000,72.000000,1807.000000,1801.000000,723.000000,1715.000000,1653.000000,0.000000,0.000000,0.000000,0.000000,0.000000,0.000000,0.000000,0.000000,0.000000,-0.530000,9.520000,2.500000,0.000000,0.030000,0.010000,38.190000,-12.190000,-10.750000
0.524000,399327.000000,79.000000,1770.000000,1759.000000,750.000000,1714.000000,1675.000000,0.000000,0.000000,0.000000,0.000000,0.000000,0.000000,0.000000,0.000000,0.000000,-0.530000,9.520000,2.500000,0.000000,0.030000,0.010000,38.190000,-12.190000,-10.750000
0.526000,399328.000000,1.000000,1759.000000,1790.000000,807.000000,1695.000000,1809.000000,0.000000,0.000000,0.000000,0.000000,0.000000,0.000000,0.000000,0.000000,0.000000,-0.530000,9.520000,2.500000,0.000000,0.030000,0.010000,38.190000,-12.190000,-10.750000
0.528000,399329.000000,1.000000,1775.000000,1783.000000,826.000000,1686.000000,1838.000000,0.000000,0.000000,0.000000,0.000000,0.000000,0.000000,0.000000,0.000000,0.000000,-0.530000,9.520000,2.500000,0.000000,0.030000,0.010000,38.190000,-12.190000,-10.750000
0.530000,399330.000000,560.000000,1754.000000,1785.000000,876.000000,1701.000000,1821.000000,0.000000,0.000000,0.000000,0.000000,0.000000,0.000000,0.000000,0.000000,0.000000,-0.530000,9.520000,2.500000,0.000000,0.030000,0.010000,38.190000,-12.190000,-10.750000
0.532000,399331.000000,16.000000,1764.000000,1783.000000,853.000000,1714.000000,1840.000000,0.000000,0.000000,0.000000,0.000000,0.000000,0.000000,0.000000,0.000000,0.000000,-0.530000,9.520000,2.500000,0.000000,0.030000,0.010000,38.190000,-12.190000,-10.750000
0.534000,399332.000000,11.000000,1781.000000,1782.000000,917.000000,1712.000000,1962.000000,0.000000,0.000000,0.000000,0.000000,0.000000,0.000000,0.000000,0.000000,0.000000,-0.530000,9.520000,2.500000,0.000000,0.030000,0.010000,38.190000,-12.190000,-10.750000
0.536000,399333.000000,11.000000,1776.000000,1787.000000,983.000000,1731.000000,1951.000000,0.000000,0.000000,0.000000,0.000000,0.000000,0.000000,0.000000,0.000000,0.000000,-0.530000,9.520000,2.500000,0.000000,0.030000,0.010000,38.190000,-12.190000,-10.750000
0.538000,399334.000000,0.000000,1802.000000,1769.000000,912.000000,1746.000000,1796.000000,0.000000,0.000000,0.000000,0.000000,0.000000,0.000000,0.000000,0.000000,0.000000,-0.530000,9.520000,2.500000,0.000000,0.030000,0.010000,38.190000,-12.190000,-10.750000
0.540000,399335.000000,111.000000,1776.000000,1776.000000,843.000000,1746.000000,1677.000000,0.000000,0.000000,0.000000,0.000000,0.000000,0.000000,0.000000,0.000000,0.000000,-0.520000,9.500000,2.510000,0.000000,0.030000,0.010000,38.190000,-12.190000,-10.750000
0.542000,399336.000000,11.000000,1748.000000,1801.000000,745.000000,1751.000000,1637.000000,0.000000,0.000000,0.000000,0.000000,0.000000,0.000000,0.000000,0.000000,0.000000,-0.520000,9.500000,2.510000,0.000000,0.030000,0.010000,38.190000,-12.190000,-10.750000
0.544000,399337.000000,0.000000,1765.000000,1779.000000,752.000000,1751.000000,1645.000000,0.000000,0.000000,0.000000,0.000000,0.000000,0.000000,0.000000,0.000000,0.000000,-0.520000,9.500000,2.510000,0.000000,0.030000,0.010000,38.190000,-12.190000,-10.750000
0.546000,399338.000000,1.000000,1744.000000,1785.000000,816.000000,1774.000000,1807.000000,0.000000,0.000000,0.000000,0.000000,0.000000,0.000000,0.000000,0.000000,0.000000,-0.520000,9.500000,2.510000,0.000000,0.030000,0.010000,38.190000,-12.190000,-10.750000
0.548000,399339.000000,5.000000,1755.000000,1775.000000,854.000000,1758.000000,1841.000000,0.000000,0.000000,0.000000,0.000000,0.000000,0.000000,0.000000,0.000000,0.000000,-0.520000,9.500000,2.510000,0.000000,0.030000,0.010000,38.190000,-12.190000,-10.750000
0.550000,399340.000000,304.000000,1770.000000,1794.000000,862.000000,1769.000000,1822.000000,0.000000,0.000000,0.000000,0.000000,0.000000,0.000000,0.000000,0.000000,0.000000,-0.500000,9.510000,2.440000,0.000000,0.030000,0.010000,38.190000,-12.190000,-10.750000
0.552000,399341.000000,16.000000,1765.000000,1782.000000,870.000000,1777.000000,1842.000000,0.000000,0.000000,0.000000,0.000000,0.000000,0.000000,0.000000,0.000000,0.000000,-0.500000,9.510000,2.440000,0.000000,0.030000,0.010000,38.190000,-12.190000,-10.750000
0.554000,399342.000000,7.000000,1754.000000,1789.000000,919.000000,1785.000000,1985.000000,0.000000,0.000000,0.000000,0.000000,0.000000,0.000000,0.000000,0.000000,0.000000,-0.500000,9.510000,2.440000,0.000000,0.030000,0.010000,38.190000,-12.190000,-10.750000
0.556000,399343.000000,11.000000,1761.000000,1784.000000,990.000000,1783.000000,1938.000000,0.000000,0.000000,0.000000,0.000000,0.000000,0.000000,0.000000,0.000000,0.000000,-0.500000,9.510000,2.440000,0.000000,0.030000,0.010000,38.190000,-12.190000,-10.750000
0.558000,399344.000000,5.000000,1761.000000,1767.000000,924.000000,1818.000000,1771.000000,0.000000,0.000000,0.000000,0.000000,0.000000,0.000000,0.000000,0.000000,0.000000,-0.500000,9.510000,2.440000,0.000000,0.030000,0.010000,38.190000,-12.190000,-10.750000
0.560000,399345.000000,64.000000,1775.000000,1781.000000,816.000000,1821.000000,1665.000000,0.000000,0.000000,0.000000,0.000000,0.000000,0.000000,0.000000,0.000000,0.000000,-0.520000,9.500000,2.470000,0.000000,0.030000,0.010000,38.190000,-12.190000,-10.750000
0.562000,399346.000000,4.000000,1778.000000,1791.000000,750.000000,1821.000000,1669.000000,0.000000,0.000000,0.000000,0.000000,0.000000,0.000000,0.000000,0.000000,0.000000,-0.520000,9.500000,2.470000,0.000000,0.030000,0.010000,38.190000,-12.190000,-10.750000
0.564000,399347.000000,0.000000,1755.000000,1776.000000,735.000000,1840.000000,1657.000000,0.000000,0.000000,0.000000,0.000000,0.000000,0.000000,0.000000,0.000000,0.000000,-0.520000,9.500000,2.470000,0.000000,0.030000,0.010000,38.190000,-12.190000,-10.750000
0.566000,399348.000000,0.000000,1744.000000,1766.000000,821.000000,1803.000000,1811.000000,0.000000,0.000000,0.000000,0.000000,0.000000,0.000000,0.000000,0.000000,0.000000,-0.520000,9.500000,2.470000,0.000000,0.030000,0.010000,38.190000,-12.190000,-10.750000
0.568000,399349.000000,9.000000,1766.000000,1775.000000,855.000000,1842.000000,1861.000000,0.000000,0.000000,0.000000,0.000000,0.000000,0.000000,0.000000,0.000000,0.000000,-0.520000,9.500000,2.470000,0.000000,0.030000,0.010000,38.190000,-12.190000,-10.750000
0.570000,399350.000000,0.000000,1754.000000,1771.000000,868.000000,1840.000000,1805.000000,0.000000,0.000000,0.000000,0.000000,0.000000,0.000000,0.000000,0.000000,0.000000,-0.480000,9.550000,2.500000,0.000000,0.020000,0.010000,38.560000,-10.250000,-10.000000
0.572000,399351.000000,80.000000,1751.000000,1791.000000,880.000000,1840.000000,1850.000000,0.000000,0.000000,0.000000,0.000000,0.000000,0.000000,0.000000,0.000000,0.000000,-0.480000,9.550000,2.500000,0.000000,0.020000,0.010000,38.560000,-10.250000,-10.000000
0.574000,399352.000000,83.000000,1767.000000,1762.000000,911.000000,1847.000000,1991.000000,0.000000,0.000000,0.000000,0.000000,0.000000,0.000000,0.000000,0.000000,0.000000,-0.480000,9.550000,2.500000,0.000000,0.020000,0.010000,38.560000,-10.250000,-10.000000
0.576000,399353.000000,14.000000,1781.000000,1767.000000,979.000000,1857.000000,1955.000000,0.000000,0.000000,0.000000,0.000000,0.000000,0.000000,0.000000,0.000000,0.000000,-0.480000,9.550000,2.500000,0.000000,0.020000,0.010000,38.560000,-10.250000,-10.000000
0.578000,399354.000000,0.000000,1790.000000,1767.000000,910.000000,1840.000000,1808.000000,0.000000,0.000000,0.000000,0.000000,0.000000,0.000000,0.000000,0.000000,0.000000,-0.480000,9.550000,2.500000,0.000000,0.020000,0.010000,38.560000,-10.250000,-10.000000
0.580000,399355.000000,561.000000,1782.000000,1802.000000,837.000000,1835.000000,1670.000000,0.000000,0.000000,0.000000,0.000000,0.000000,0.000000,0.000000,0.000000,0.000000,-0.490000,9.550000,2.510000,0.000000,0.020000,0.010000,38.560000,-10.250000,-10.000000
0.582000,399356.000000,0.000000,1794.000000,1767.000000,748.000000,1842.000000,1652.000000,0.000000,0.000000,0.000000,0.000000,0.000000,0.000000,0.000000,0.000000,0.000000,-0.490000,9.550000,2.510000,0.000000,0.020000,0.010000,38.560000,-10.250000,-10.000000
0.584000,399357.000000,0.000000,1790.000000,1771.000000,731.000000,1840.000000,1659.000000,0.000000,0.000000,0.000000,0.000000,0.000000,0.000000,0.000000,0.000000,0.000000,-0.490000,9.550000,2.510000,0.000000,0.020000,0.010000,38.560000,-10.250000,-10.000000
0.586000,399358.000000,0.000000,1776.000000,1759.000000,799.000000,1836.000000,1840.000000,0.000000,0.000000,0.000000,0.000000,0.000000,0.000000,0.000000,0.000000,0.000000,-0.490000,9.550000,2.510000,0.000000,0.020000,0.010000,38.560000,-10.250000,-10.000000
0.588000,399359.000000,5.000000,1771.000000,1776.000000,862.000000,1842.000000,1793.000000,0.000000,0.000000,0.000000,0.000000,0.000000,0.000000,0.000000,0.000000,0.000000,-0.490000,9.550000,2.510000,0.000000,0.020000,0.010000,38.560000,-10.250000,-10.000000
0.590000,399360.000000,94.000000,1771.000000,1771.000000,872.000000,1847.000000,1821.000000,0.000000,0.000000,0.000000,0.000000,0.000000,0.000000,0.000000,0.000000,0.000000,-0.490000,9.550000,2.490000,0.000000,0.010000,0.010000,38.560000,-10.250000,-10.000000
0.592000,399361.000000,14.000000,1773.000000,1763.000000,871.000000,1840.000000,1809.000000,0.000000,0.000000,0.000000,0.000000,0.000000,0.000000,0.000000,0.000000,0.000000,-0.490000,9.550000,2.490000,0.000000,0.010000,0.010000,38.560000,-10.250000,-10.000000
0.594000,399362.000000,11.000000,1761.000000,1790.000000,909.000000,1853.000000,2000.000000,0.000000,0.000000,0.000000,0.000000,0.000000,0.000000,0.000000,0.000000,0.000000,-0.490000,9.550000,2.490000,0.000000,0.010000,0.010000,38.560000,-10.250000,-10.000000
0.596000,399363.000000,17.000000,1766.000000,1775.000000,991.000000,1853.000000,1936.000000,0.000000,0.000000,0.000000,0.000000,0.000000,0.000000,0.000000,0.000000,0.000000,-0.490000,9.550000,2.490000,0.000000,0.010000,0.010000,38.560000,-10.250000,-10.000000
0.598000,399364.000000,5.000000,1808.000000,1793.000000,895.000000,1850.000000,1799.000000,0.000000,0.000000,0.000000,0.000000,0.000000,0.000000,0.000000,0.000000,0.000000,-0.490000,9.550000,2.490000,0.000000,0.010000,0.010000,38.560000,-10.250000,-10.000000
0.600000,399365.000000,174.000000,1778.000000,1792.000000,833.000000,1872.000000,1648.000000,0.000000,0.000000,0.000000,0.000000,0.000000,0.000000,0.000000,0.000000,0.000000,-0.480000,9.520000,2.380000,0.000000,0.010000,0.010000,38.560000,-10.250000,-10.000000
0.602000,399366.000000,0.000000,1774.000000,1764.000000,750.000000,1857.000000,1675.000000,0.000000,0.000000,0.000000,0.000000,0.000000,0.000000,0.000000,0.000000,0.000000,-0.480000,9.520000,2.380000,0.000000,0.010000,0.010000,38.560000,-10.250000,-10.000000
0.604000,399367.000000,0.000000,1769.000000,1766.000000,763.000000,1838.000000,1678.000000,0.000000,0.000000,0.000000,0.000000,0.000000,0.000000,0.000000,0.000000,0.000000,-0.480000,9.520000,2.380000,0.000000,0.010000,0.010000,38.560000,-10.250000,-10.000000
0.606000,399368.000000,9.000000,1764.000000,1760.000000,833.000000,1840.000000,1819.000000,0.000000,0.000000,0.000000,0.000000,0.000000,0.000000,0.000000,0.000000,0.000000,-0.480000,9.520000,2.380000,0.000000,0.010000,0.010000,38.560000,-10.250000,-10.000000
0.608000,399369.000000,5.000000,1781.000000,1781.000000,858.000000,1847.000000,1835.000000,0.000000,0.000000,0.000000,0.000000,0.000000,0.000000,0.000000,0.000000,0.000000,-0.480000,9.520000,2.380000,0.000000,0.010000,0.010000,38.560000,-10.250000,-10.000000
0.610000,399370.000000,4.000000,1745.000000,1782.000000,863.000000,1867.000000,1814.000000,0.000000,0.000000,0.000000,0.000000,0.000000,0.000000,0.000000,0.000000,0.000000,-0.460000,9.550000,2.430000,0.010000,0.000000,0.000000,38.560000,-10.250000,-10.000000
0.612000,399371.000000,386.000000,1764.000000,1775.000000,877.000000,1855.000000,1851.000000,0.000000,0.000000,0.000000,0.000000,0.000000,0.000000,0.000000,0.000000,0.000000,-0.460000,9.550000,2.430000,0.010000,0.000000,0.000000,38.560000,-10.250000,-10.000000
0.614000,399372.000000,28.000000,1777.000000,1778.000000,929.000000,1865.000000,1998.000000,0.000000,0.000000,0.000000,0.000000,0.000000,0.000000,0.000000,0.000000,0.000000,-0.460000,9.550000,2.430000,0.010000,0.000000,0.000000,38.560000,-10.250000,-10.000000
0.616000,399373.000000,17.000000,1765.000000,1778.000000,991.000000,1872.000000,1933.000000,0.000000,0.000000,0.000000,0.000000,0.000000,0.000000,0.000000,0.000000,0.000000,-0.460000,9.550000,2.430000,0.010000,0.000000,0.000000,38.560000,-10.250000,-10.000000
0.618000,399374.000000,0.000000,1776.000000,1799.000000,925.000000,1862.000000,1774.000000,0.000000,0.000000,0.000000,0.000000,0.000000,0.000000,0.000000,0.000000,0.000000,-0.460000,9.550000,2.430000,0.010000,0.000000,0.000000,38.560000,-10.250000,-10.000000
0.620000,399375.000000,560.000000,1773.000000,1755.000000,842.000000,1862.000000,1719.000000,0.000000,0.000000,0.000000,0.000000,0.000000,0.000000,0.000000,0.000000,0.000000,-0.470000,9.540000,2.480000,0.010000,0.010000,0.010000,37.060000,-12.880000,-10.750000
0.622000,399376.000000,0.000000,1744.000000,1808.000000,739.000000,1847.000000,1692.000000,0.000000,0.000000,0.000000,0.000000,0.000000,0.000000,0.000000,0.000000,0.000000,-0.470000,9.540000,2.480000,0.010000,0.010000,0.010000,37.060000,-12.880000,-10.750000
0.624000,399377.000000,38.000000,1747.000000,1744.000000,757.000000,1853.000000,1695.000000,0.000000,0.000000,0.000000,0.000000,0.000000,0.000000,0.000000,0.000000,0.000000,-0.470000,9.540000,2.480000,0.010000,0.010000,0.010000,37.060000,-12.880000,-10.750000
0.626000,399378.000000,0.000000,1723.000000,1772.000000,816.000000,1846.000000,1839.000000,0.000000,0.000000,0.000000,0.000000,0.000000,0.000000,0.000000,0.000000,0.000000,-0.470000,9.540000,2.480000,0.010000,0.010000,0.010000,37.060000,-12.880000,-10.750000
0.628000,399379.000000,0.000000,1734.000000,1769.000000,845.000000,1839.000000,1837.000000,0.000000,0.000000,0.000000,0.000000,0.000000,0.000000,0.000000,0.000000,0.000000,-0.470000,9.540000,2.480000,0.010000,0.010000,0.010000,37.060000,-12.880000,-10.750000
0.630000,399380.000000,544.000000,1726.000000,1767.000000,880.000000,1853.000000,1829.000000,0.000000,0.000000,0.000000,0.000000,0.000000,0.000000,0.000000,0.000000,0.000000,-0.490000,9.540000,2.520000,0.010000,0.010000,0.010000,37.060000,-12.880000,-10.750000
0.632000,399381.000000,17.000000,1744.000000,1755.000000,880.000000,1849.000000,1839.000000,0.000000,0.000000,0.000000,0.000000,0.000000,0.000000,0.000000,0.000000,0.000000,-0.490000,9.540000,2.520000,0.010000,0.010000,0.010000,37.060000,-12.880000,-10.750000
0.634000,399382.000000,11.000000,1733.000000,1765.000000,915.000000,1829.000000,2015.000000,0.000000,0.000000,0.000000,0.000000,0.000000,0.000000,0.000000,0.000000,0.000000,-0.490000,9.540000,2.520000,0.010000,0.010000,0.010000,37.060000,-12.880000,-10.750000
0.636000,399383.000000,13.000000,1758.000000,1762.000000,976.000000,1843.000000,1915.000000,0.000000,0.000000,0.000000,0.000000,0.000000,0.000000,0.000000,0.000000,0.000000,-0.490000,9.540000,2.520000,0.010000,0.010000,0.010000,37.060000,-12.880000,-10.750000
0.638000,399384.000000,1.000000,1757.000000,1755.000000,901.000000,1840.000000,1809.000000,0.000000,0.000000,0.000000,0.000000,0.000000,0.000000,0.000000,0.000000,0.000000,-0.490000,9.540000,2.520000,0.010000,0.010000,0.010000,37.060000,-12.880000,-10.750000
0.640000,399385.000000,86.000000,1763.000000,1794.000000,816.000000,1842.000000,1645.000000,0.000000,0.000000,0.000000,0.000000,0.000000,0.000000,0.000000,0.000000,0.000000,-0.480000,9.510000,2.530000,0.010000,0.010000,0.010000,37.060000,-12.880000,-10.750000
0.642000,399386.000000,1.000000,1744.000000,1773.000000,731.000000,1855.000000,1693.000000,0.000000,0.000000,0.000000,0.000000,0.000000,0.000000,0.000000,0.000000,0.000000,-0.480000,9.510000,2.530000,0.010000,0.010000,0.010000,37.060000,-12.880000,-10.750000
0.644000,399387.000000,0.000000,1733.000000,1744.000000,752.000000,1828.000000,1735.000000,0.000000,0.000000,0.000000,0.000000,0.000000,0.000000,0.000000,0.000000,0.000000,-0.480000,9.510000,2.530000,0.010000,0.010000,0.010000,37.060000,-12.880000,-10.750000
0.646000,399388.000000,2.000000,1729.000000,1767.000000,830.000000,1828.000000,1844.000000,0.000000,0.000000,0.000000,0.000000,0.000000,0.000000,0.000000,0.000000,0.000000,-0.480000,9.510000,2.530000,0.010000,0.010000,0.010000,37.060000,-12.880000,-10.750000
0.648000,399389.000000,0.000000,1712.000000,1756.000000,835.000000,1830.000000,1825.000000,0.000000,0.000000,0.000000,0.000000,0.000000,0.000000,0.000000,0.000000,0.000000,-0.480000,9.510000,2.530000,0.010000,0.010000,0.010000,37.060000,-12.880000,-10.750000
0.650000,399390.000000,128.000000,1733.000000,1761.000000,865.000000,1840.000000,1823.000000,0.000000,0.000000,0.000000,0.000000,0.000000,0.000000,0.000000,0.000000,0.000000,-0.520000,9.530000,2.460000,0.010000,0.010000,0.010000,37.060000,-12.880000,-10.750000
0.652000,399391.000000,7.000000,1721.000000,1758.000000,865.000000,1821.000000,1856.000000,0.000000,0.000000,0.000000,0.000000,0.000000,0.000000,0.000000,0.000000,0.000000,-0.520000,9.530000,2.460000,0.010000,0.010000,0.010000,37.060000,-12.880000,-10.750000
0.654000,399392.000000,15.000000,1735.000000,1757.000000,915.000000,1827.000000,2026.000000,0.000000,0.000000,0.000000,0.000000,0.000000,0.000000,0.000000,0.000000,0.000000,-0.520000,9.530000,2.460000,0.010000,0.010000,0.010000,37.060000,-12.880000,-10.750000
0.656000,399393.000000,10.000000,1740.000000,1787.000000,976.000000,1838.000000,1904.000000,0.000000,0.000000,0.000000,0.000000,0.000000,0.000000,0.000000,0.000000,0.000000,-0.520000,9.530000,2.460000,0.010000,0.010000,0.010000,37.060000,-12.880000,-10.750000
0.658000,399394.000000,3.000000,1769.000000,1767.000000,896.000000,1825.000000,1776.000000,0.000000,0.000000,0.000000,0.000000,0.000000,0.000000,0.000000,0.000000,0.000000,-0.520000,9.530000,2.460000,0.010000,0.010000,0.010000,37.060000,-12.880000,-10.750000
0.660000,399395.000000,24.000000,1761.000000,1783.000000,814.000000,1851.000000,1632.000000,0.000000,0.000000,0.000000,0.000000,0.000000,0.000000,0.000000,0.000000,0.000000,-0.520000,9.500000,2.480000,0.010000,0.020000,0.010000,37.060000,-12.880000,-10.750000
0.662000,399396.000000,5.000000,1744.000000,1776.000000,737.000000,1821.000000,1712.000000,0.000000,0.000000,0.000000,0.000000,0.000000,0.000000,0.000000,0.000000,0.000000,-0.520000,9.500000,2.480000,0.010000,0.020000,0.010000,37.060000,-12.880000,-10.750000
0.664000,399397.000000,0.000000,1716.000000,1773.000000,746.000000,1827.000000,1729.000000,0.000000,0.000000,0.000000,0.000000,0.000000,0.000000,0.000000,0.000000,0.000000,-0.520000,9.500000,2.480000,0.010000,0.020000,0.010000,37.060000,-12.880000,-10.750000
0.666000,399398.000000,9.000000,1743.000000,1751.000000,813.000000,1822.000000,1817.000000,0.000000,0.000000,0.000000,0.000000,0.000000,0.000000,0.000000,0.000000,0.000000,-0.520000,9.500000,2.480000,0.010000,0.020000,0.010000,37.060000,-12.880000,-10.750000
0.668000,399399.000000,5.000000,1732.000000,1756.000000,855.000000,1839.000000,1841.000000,0.000000,0.000000,0.000000,0.000000,0.000000,0.000000,0.000000,0.000000,0.000000,-0.520000,9.500000,2.480000,0.010000,0.020000,0.010000,37.060000,-12.880000,-10.750000
0.670000,399400.000000,542.000000,1744.000000,1748.000000,866.000000,1843.000000,1808.000000,0.000000,0.000000,0.000000,0.000000,0.000000,0.000000,0.000000,0.000000,0.000000,-0.530000,9.530000,2.540000,0.010000,0.030000,0.010000,38.880000,-10.000000,-11.560000
0.672000,399401.000000,16.000000,1731.000000,1750.000000,849.000000,1846.000000,1834.000000,0.000000,0.000000,0.000000,0.000000,0.000000,0.000000,0.000000,0.000000,0.000000,-0.530000,9.530000,2.540000,0.010000,0.030000,0.010000,38.880000,-10.000000,-11.560000
0.674000,399402.000000,64.000000,1723.000000,1745.000000,922.000000,1839.000000,2028.000000,0.000000,0.000000,0.000000,0.000000,0.000000,0.000000,0.000000,0.000000,0.000000,-0.530000,9.530000,2.540000,0.010000,0.030000,0.010000,38.880000,-10.000000,-11.560000
0.676000,399403.000000,12.000000,1760.000000,1754.000000,971.000000,1834.000000,1901.000000,0.000000,0.000000,0.000000,0.000000,0.000000,0.000000,0.000000,0.000000,0.000000,-0.530000,9.530000,2.540000,0.010000,0.030000,0.010000,38.880000,-10.000000,-11.560000
0.678000,399404.000000,3.000000,1755.000000,1763.000000,880.000000,1872.000000,1782.000000,0.000000,0.000000,0.000000,0.000000,0.000000,0.000000,0.000000,0.000000,0.000000,-0.530000,9.530000,2.540000,0.010000,0.030000,0.010000,38.880000,-10.000000,-11.560000
0.680000,399405.000000,556.000000,1750.000000,1764.000000,811.000000,1840.000000,1631.000000,0.000000,0.000000,0.000000,0.000000,0.000000,0.000000,0.000000,0.000000,0.000000,-0.530000,9.530000,2.540000,0.010000,0.030000,0.010000,38.880000,-10.000000,-11.560000
0.682000,399406.000000,0.000000,1744.000000,1771.000000,746.000000,1858.000000,1697.000000,0.000000,0.000000,0.000000,0.000000,0.000000,0.000000,0.000000,0.000000,0.000000,-0.530000,9.530000,2.540000,0.010000,0.030000,0.010000,38.880000,-10.000000,-11.560000
0.684000,399407.000000,0.000000,1750.000000,1750.000000,750.000000,1856.000000,1749.000000,0.000000,0.000000,0.000000,0.000000,0.000000,0.000000,0.000000,0.000000,0.000000,-0.530000,9.530000,2.540000,0.010000,0.030000,0.010000,38.880000,-10.000000,-11.560000
0.686000,399408.000000,1.000000,1726.000000,1744.000000,814.000000,1826.000000,1821.000000,0.000000,0.000000,0.000000,0.000000,0.000000,0.000000,0.000000,0.000000,0.000000,-0.530000,9.530000,2.540000,0.010000,0.030000,0.010000,38.880000,-10.000000,-11.560000
0.688000,399409.000000,10.000000,1744.000000,1735.000000,862.000000,1825.000000,1811.000000,0.000000,0.000000,0.000000,0.000000,0.000000,0.000000,0.000000,0.000000,0.000000,-0.530000,9.530000,2.540000,0.010000,0.030000,0.010000,38.880000,-10.000000,-11.560000
0.690000,399410.000000,226.000000,1756.000000,1756.000000,862.000000,1840.000000,1827.000000,0.000000,0.000000,0.000000,0.000000,0.000000,0.000000,0.000000,0.000000,0.000000,-0.520000,9.510000,2.550000,0.010000,0.030000,0.010000,38.880000,-10.000000,-11.560000
0.692000,399411.000000,13.000000,1763.000000,1753.000000,865.000000,1845.000000,1843.000000,0.000000,0.000000,0.000000,0.000000,0.000000,0.000000,0.000000,0.000000,0.000000,-0.520000,9.510000,2.550000,0.010000,0.030000,0.010000,38.880000,-10.000000,-11.560000
0.694000,399412.000000,15.000000,1735.000000,1749.000000,950.000000,1846.000000,2010.000000,0.000000,0.000000,0.000000,0.000000,0.000000,0.000000,0.000000,0.000000,0.000000,-0.520000,9.510000,2.550000,0.010000,0.030000,0.010000,38.880000,-10.000000,-11.560000
0.696000,399413.000000,16.000000,1744.000000,1775.000000,975.000000,1830.000000,1889.000000,0.000000,0.000000,0.000000,0.000000,0.000000,0.000000,0.000000,0.000000,0.000000,-0.520000,9.510000,2.550000,0.010000,0.030000,0.010000,38.880000,-10.000000,-11.560000
0.698000,399414.000000,0.000000,1779.000000,1762.000000,896.000000,1869.000000,1776.000000,0.000000,0.000000,0.000000,0.000000,0.000000,0.000000,0.000000,0.000000,0.000000,-0.520000,9.510000,2.550000,0.010000,0.030000,0.010000,38.880000,-10.000000,-11.560000
0.700000,399415.000000,0.000000,1791.000000,1767.000000,797.000000,1869.000000,1627.000000,0.000000,0.000000,0.000000,0.000000,0.000000,0.000000,0.000000,0.000000,0.000000,-0.540000,9.490000,2.430000,0.010000,0.030000,0.010000,38.880000,-10.000000,-11.560000
0.702000,399416.000000,100.000000,1744.000000,1750.000000,751.000000,1853.000000,1709.000000,0.000000,0.000000,0.000000,0.000000,0.000000,0.000000,0.000000,0.000000,0.000000,-0.540000,9.490000,2.430000,0.010000,0.030000,0.010000,38.880000,-10.000000,-11.560000
0.704000,399417.000000,0.000000,1750.000000,1761.000000,757.000000,1838.000000,1774.000000,0.000000,0.000000,0.000000,0.000000,0.000000,0.000000,0.000000,0.000000,0.000000,-0.540000,9.490000,2.430000,0.010000,0.030000,0.010000,38.880000,-10.000000,-11.560000
0.706000,399418.000000,13.000000,1775.000000,1729.000000,836.000000,1853.000000,1845.000000,0.000000,0.000000,0.000000,0.000000,0.000000,0.000000,0.000000,0.000000,0.000000,-0.540000,9.490000,2.430000,0.010000,0.030000,0.010000,38.880000,-10.000000,-11.560000
0.708000,399419.000000,0.000000,1761.000000,1748.000000,848.000000,1852.000000,1837.000000,0.000000,0.000000,0.000000,0.000000,0.000000,0.000000,0.000000,0.000000,0.000000,-0.540000,9.490000,2.430000,0.010000,0.030000,0.010000,38.880000,-10.000000,-11.560000
0.710000,399420.000000,64.000000,1763.000000,1767.000000,867.000000,1850.000000,1819.000000,0.000000,0.000000,0.000000,0.000000,0.000000,0.000000,0.000000,0.000000,0.000000,-0.530000,9.480000,2.450000,0.010000,0.030000,0.010000,38.880000,-10.000000,-11.560000
0.712000,399421.000000,31.000000,1781.000000,1723.000000,855.000000,1845.000000,1851.000000,0.000000,0.000000,0.000000,0.000000,0.000000,0.000000,0.000000,0.000000,0.000000,-0.530000,9.480000,2.450000,0.010000,0.030000,0.010000,38.880000,-10.000000,-11.560000
0.714000,399422.000000,14.000000,1760.000000,1759.000000,947.000000,1857.000000,1991.000000,0.000000,0.000000,0.000000,0.000000,0.000000,0.000000,0.000000,0.000000,0.000000,-0.530000,9.480000,2.450000,0.010000,0.030000,0.010000,38.880000,-10.000000,-11.560000
0.716000,399423.000000,12.000000,1761.000000,1739.000000,959.000000,1859.000000,1896.000000,0.000000,0.000000,0.000000,0.000000,0.000000,0.000000,0.000000,0.000000,0.000000,-0.530000,9.480000,2.450000,0.010000,0.030000,0.010000,38.880000,-10.000000,-11.560000
0.718000,399424.000000,0.000000,1786.000000,1774.000000,859.000000,1858.000000,1785.000000,0.000000,0.000000,0.000000,0.000000,0.000000,0.000000,0.000000,0.000000,0.000000,-0.530000,9.480000,2.450000,0.010000,0.030000,0.010000,38.880000,-10.000000,-11.560000
0.720000,399425.000000,558.000000,1791.000000,1746.000000,796.000000,1847.000000,1634.000000,0.000000,0.000000,0.000000,0.000000,0.000000,0.000000,0.000000,0.000000,0.000000,-0.500000,9.490000,2.490000,0.010000,0.030000,0.010000,39.250000,-12.880000,-10.750000
0.722000,399426.000000,1.000000,1781.000000,1746.000000,733.000000,1850.000000,1712.000000,0.000000,0.000000,0.000000,0.000000,0.000000,0.000000,0.000000,0.000000,0.000000,-0.500000,9.490000,2.490000,0.010000,0.030000,0.010000,39.250000,-12.880000,-10.750000
0.724000,399427.000000,48.000000,1766.000000,1747.000000,747.000000,1809.000000,1774.000000,0.000000,0.000000,0.000000,0.000000,0.000000,0.000000,0.000000,0.000000,0.000000,-0.500000,9.490000,2.490000,0.010000,0.030000,0.010000,39.250000,-12.880000,-10.750000
0.726000,399428.000000,11.000000,1744.000000,1744.000000,835.000000,1840.000000,1841.000000,0.000000,0.000000,0.000000,0.000000,0.000000,0.000000,0.000000,0.000000,0.000000,-0.500000,9.490000,2.490000,0.010000,0.030000,0.010000,39.250000,-12.880000,-10.750000
0.728000,399429.000000,4.000000,1761.000000,1749.000000,861.000000,1839.000000,1820.000000,0.000000,0.000000,0.000000,0.000000,0.000000,0.000000,0.000000,0.000000,0.000000,-0.500000,9.490000,2.490000,0.010000,0.030000,0.010000,39.250000,-12.880000,-10.750000
0.730000,399430.000000,560.000000,1744.000000,1735.000000,850.000000,1791.000000,1811.000000,0.000000,0.000000,0.000000,0.000000,0.000000,0.000000,0.000000,0.000000,0.000000,-0.500000,9.490000,2.490000,0.010000,0.030000,0.010000,39.250000,-12.880000,-10.750000
0.732000,399431.000000,23.000000,1762.000000,1739.000000,855.000000,1830.000000,1830.000000,0.000000,0.000000,0.000000,0.000000,0.000000,0.000000,0.000000,0.000000,0.000000,-0.500000,9.490000,2.490000,0.010000,0.030000,0.010000,39.250000,-12.880000,-10.750000
0.734000,399432.000000,18.000000,1765.000000,1733.000000,953.000000,1840.000000,2006.000000,0.000000,0.000000,0.000000,0.000000,0.000000,0.000000,0.000000,0.000000,0.000000,-0.500000,9.490000,2.490000,0.010000,0.030000,0.010000,39.250000,-12.880000,-10.750000
0.736000,399433.000000,15.000000,1754.000000,1754.000000,951.000000,1810.000000,1886.000000,0.000000,0.000000,0.000000,0.000000,0.000000,0.000000,0.000000,0.000000,0.000000,-0.500000,9.490000,2.490000,0.010000,0.030000,0.010000,39.250000,-12.880000,-10.750000
0.738000,399434.000000,2.000000,1757.000000,1767.000000,880.000000,1842.000000,1765.000000,0.000000,0.000000,0.000000,0.000000,0.000000,0.000000,0.000000,0.000000,0.000000,-0.500000,9.490000,2.490000,0.010000,0.030000,0.010000,39.250000,-12.880000,-10.750000
0.740000,399435.000000,330.000000,1771.000000,1771.000000,801.000000,1847.000000,1616.000000,0.000000,0.000000,0.000000,0.000000,0.000000,0.000000,0.000000,0.000000,0.000000,-0.470000,9.520000,2.490000,0.010000,0.030000,0.010000,39.250000,-12.880000,-10.750000
0.742000,399436.000000,0.000000,1759.000000,1751.000000,733.000000,1834.000000,1714.000000,0.000000,0.000000,0.000000,0.000000,0.000000,0.000000,0.000000,0.000000,0.000000,-0.470000,9.520000,2.490000,0.010000,0.030000,0.010000,39.250000,-12.880000,-10.750000
0.744000,399437.000000,0.000000,1728.000000,1730.000000,755.000000,1835.000000,1779.000000,0.000000,0.000000,0.000000,0.000000,0.000000,0.000000,0.000000,0.000000,0.000000,-0.470000,9.520000,2.490000,0.010000,0.030000,0.010000,39.250000,-12.880000,-10.750000
0.746000,399438.000000,0.000000,1729.000000,1745.000000,852.000000,1808.000000,1840.000000,0.000000,0.000000,0.000000,0.000000,0.000000,0.000000,0.000000,0.000000,0.000000,-0.470000,9.520000,2.490000,0.010000,0.030000,0.010000,39.250000,-12.880000,-10.750000
0.748000,399439.000000,4.000000,1738.000000,1745.000000,848.000000,1834.000000,1828.000000,0.000000,0.000000,0.000000,0.000000,0.000000,0.000000,0.000000,0.000000,0.000000,-0.470000,9.520000,2.490000,0.010000,0.030000,0.010000,39.250000,-12.880000,-10.750000
0.750000,399440.000000,0.000000,1727.000000,1749.000000,880.000000,1727.000000,1819.000000,0.000000,0.000000,0.000000,0.000000,0.000000,0.000000,0.000000,0.000000,0.000000,-0.400000,9.510000,2.390000,0.000000,0.020000,0.000000,39.250000,-12.880000,-10.750000
0.752000,399441.000000,50.000000,1723.000000,1756.000000,869.000000,1819.000000,1855.000000,0.000000,0.000000,0.000000,0.000000,0.000000,0.000000,0.000000,0.000000,0.000000,-0.400000,9.510000,2.390000,0.000000,0.020000,0.000000,39.250000,-12.880000,-10.750000
0.754000,399442.000000,16.000000,1754.000000,1749.000000,944.000000,1804.000000,2003.000000,0.000000,0.000000,0.000000,0.000000,0.000000,0.000000,0.000000,0.000000,0.000000,-0.400000,9.510000,2.390000,0.000000,0.020000,0.000000,39.250000,-12.880000,-10.750000
0.756000,399443.000000,12.000000,1750.000000,1758.000000,967.000000,1808.000000,1878.000000,0.000000,0.000000,0.000000,0.000000,0.000000,0.000000,0.000000,0.000000,0.000000,-0.400000,9.510000,2.390000,0.000000,0.020000,0.000000,39.250000,-12.880000,-10.750000
0.758000,399444.000000,11.000000,1764.000000,1777.000000,878.000000,1791.000000,1775.000000,0.000000,0.000000,0.000000,0.000000,0.000000,0.000000,0.000000,0.000000,0.000000,-0.400000,9.510000,2.390000,0.000000,0.020000,0.000000,39.250000,-12.880000,-10.750000
0.760000,399445.000000,50.000000,1791.000000,1757.000000,784.000000,1796.000000,1616.000000,0.000000,0.000000,0.000000,0.000000,0.000000,0.000000,0.000000,0.000000,0.000000,-0.390000,9.490000,2.480000,0.000000,0.010000,0.000000,39.250000,-12.880000,-10.750000
0.762000,399446.000000,32.000000,1801.000000,1775.000000,739.000000,1790.000000,1728.000000,0.000000,0.000000,0.000000,0.000000,0.000000,0.000000,0.000000,0.000000,0.000000,-0.390000,9.490000,2.480000,0.000000,0.010000,0.000000,39.250000,-12.880000,-10.750000
0.764000,399447.000000,0.000000,1776.000000,1772.000000,766.000000,1788.000000,1797.000000,0.000000,0.000000,0.000000,0.000000,0.000000,0.000000,0.000000,0.000000,0.000000,-0.390000,9.490000,2.480000,0.000000,0.010000,0.000000,39.250000,-12.880000,-10.750000
0.766000,399448.000000,0.000000,1792.000000,1755.000000,823.000000,1791.000000,1806.000000,0.000000,0.000000,0.000000,0.000000,0.000000,0.000000,0.000000,0.000000,0.000000,-0.390000,9.490000,2.480000,0.000000,0.010000,0.000000,39.250000,-12.880000,-10.750000
0.768000,399449.000000,3.000000,1791.000000,1743.000000,859.000000,1773.000000,1826.000000,0.000000,0.000000,0.000000,0.000000,0.000000,0.000000,0.000000,0.000000,0.000000,-0.390000,9.490000,2.480000,0.000000,0.010000,0.000000,39.250000,-12.880000,-10.750000
0.770000,399450.000000,566.000000,1782.000000,1783.000000,848.000000,1778.000000,1839.000000,0.000000,0.000000,0.000000,0.000000,0.000000,0.000000,0.000000,0.000000,0.000000,-0.390000,9.470000,2.560000,0.010000,0.000000,0.000000,38.880000,-10.250000,-10.000000
0.772000,399451.000000,17.000000,1778.000000,1782.000000,854.000000,1773.000000,1860.000000,0.000000,0.000000,0.000000,0.000000,0.000000,0.000000,0.000000,0.000000,0.000000,-0.390000,9.470000,2.560000,0.010000,0.000000,0.000000,38.880000,-10.250000,-10.000000
0.774000,399452.000000,84.000000,1801.000000,1777.000000,967.000000,1782.000000,2017.000000,0.000000,0.000000,0.000000,0.000000,0.000000,0.000000,0.000000,0.000000,0.000000,-0.390000,9.470000,2.560000,0.010000,0.000000,0.000000,38.880000,-10.250000,-10.000000
0.776000,399453.000000,9.000000,1837.000000,1763.000000,954.000000,1787.000000,1872.000000,0.000000,0.000000,0.000000,0.000000,0.000000,0.000000,0.000000,0.000000,0.000000,-0.390000,9.470000,2.560000,0.010000,0.000000,0.000000,38.880000,-10.250000,-10.000000
0.778000,399454.000000,0.000000,1840.000000,1803.000000,875.000000,1774.000000,1781.000000,0.000000,0.000000,0.000000,0.000000,0.000000,0.000000,0.000000,0.000000,0.000000,-0.390000,9.470000,2.560000,0.010000,0.000000,0.000000,38.880000,-10.250000,-10.000000
0.780000,399455.000000,564.000000,1838.000000,1813.000000,800.000000,1786.000000,1606.000000,0.000000,0.000000,0.000000,0.000000,0.000000,0.000000,0.000000,0.000000,0.000000,-0.390000,9.480000,2.550000,0.000000,-0.010000,0.000000,38.880000,-10.250000,-10.000000
0.782000,399456.000000,5.000000,1813.000000,1790.000000,752.000000,1756.000000,1733.000000,0.000000,0.000000,0.000000,0.000000,0.000000,0.000000,0.000000,0.000000,0.000000,-0.390000,9.480000,2.550000,0.000000,-0.010000,0.000000,38.880000,-10.250000,-10.000000
0.784000,399457.000000,4.000000,1825.000000,1775.000000,747.000000,1759.000000,1808.000000,0.000000,0.000000,0.000000,0.000000,0.000000,0.000000,0.000000,0.000000,0.000000,-0.390000,9.480000,2.550000,0.000000,-0.010000,0.000000,38.880000,-10.250000,-10.000000
0.786000,399458.000000,15.000000,1825.000000,1790.000000,811.000000,1728.000000,1840.000000,0.000000,0.000000,0.000000,0.000000,0.000000,0.000000,0.000000,0.000000,0.000000,-0.390000,9.480000,2.550000,0.000000,-0.010000,0.000000,38.880000,-10.250000,-10.000000
0.788000,399459.000000,5.000000,1804.000000,1806.000000,848.000000,1726.000000,1847.000000,0.000000,0.000000,0.000000,0.000000,0.000000,0.000000,0.000000,0.000000,0.000000,-0.390000,9.480000,2.550000,0.000000,-0.010000,0.000000,38.880000,-10.250000,-10.000000
0.790000,399460.000000,0.000000,1837.000000,1776.000000,866.000000,1734.000000,1843.000000,0.000000,0.000000,0.000000,0.000000,0.000000,0.000000,0.000000,0.000000,0.000000,-0.440000,9.470000,2.560000,0.000000,-0.020000,0.000000,38.880000,-10.250000,-10.000000
0.792000,399461.000000,91.000000,1839.000000,1794.000000,867.000000,1737.000000,1849.000000,0.000000,0.000000,0.000000,0.000000,0.000000,0.000000,0.000000,0.000000,0.000000,-0.440000,9.470000,2.560000,0.000000,-0.020000,0.000000,38.880000,-10.250000,-10.000000
0.794000,399462.000000,16.000000,1835.000000,1787.000000,959.000000,1739.000000,2009.000000,0.000000,0.000000,0.000000,0.000000,0.000000,0.000000,0.000000,0.000000,0.000000,-0.440000,9.470000,2.560000,0.000000,-0.020000,0.000000,38.880000,-10.250000,-10.000000
0.796000,399463.000000,9.000000,1829.000000,1799.000000,966.000000,1728.000000,1856.000000,0.000000,0.000000,0.000000,0.000000,0.000000,0.000000,0.000000,0.000000,0.000000,-0.440000,9.470000,2.560000,0.000000,-0.020000,0.000000,38.880000,-10.250000,-10.000000
0.798000,399464.000000,0.000000,1859.000000,1829.000000,870.000000,1755.000000,1790.000000,0.000000,0.000000,0.000000,0.000000,0.000000,0.000000,0.000000,0.000000,0.000000,-0.440000,9.470000,2.560000,0.000000,-0.020000,0.000000,38.880000,-10.250000,-10.000000
0.800000,399465.000000,43.000000,1840.000000,1828.000000,768.000000,1731.000000,1610.000000,0.000000,0.000000,0.000000,0.000000,0.000000,0.000000,0.000000,0.000000,0.000000,-0.480000,9.530000,2.380000,-0.010000,-0.020000,-0.010000,38.880000,-10.250000,-10.000000
0.802000,399466.000000,11.000000,1841.000000,1809.000000,762.000000,1723.000000,1714.000000,0.000000,0.000000,0.000000,0.000000,0.000000,0.000000,0.000000,0.000000,0.000000,-0.480000,9.530000,2.380000,-0.010000,-0.020000,-0.010000,38.880000,-10.250000,-10.000000
0.804000,399467.000000,5.000000,1813.000000,1795.000000,743.000000,1719.000000,1805.000000,0.000000,0.000000,0.000000,0.000000,0.000000,0.000000,0.000000,0.000000,0.000000,-0.480000,9.530000,2.380000,-0.010000,-0.020000,-0.010000,38.880000,-10.250000,-10.000000
0.806000,399468.000000,0.000000,1822.000000,1806.000000,826.000000,1745.000000,1823.000000,0.000000,0.000000,0.000000,0.000000,0.000000,0.000000,0.000000,0.000000,0.000000,-0.480000,9.530000,2.380000,-0.010000,-0.020000,-0.010000,38.880000,-10.250000,-10.000000
0.808000,399469.000000,11.000000,1808.000000,1821.000000,858.000000,1737.000000,1837.000000,0.000000,0.000000,0.000000,0.000000,0.000000,0.000000,0.000000,0.000000,0.000000,-0.480000,9.530000,2.380000,-0.010000,-0.020000,-0.010000,38.880000,-10.250000,-10.000000
0.810000,399470.000000,582.000000,1811.000000,1820.000000,861.000000,1736.000000,1843.000000,0.000000,0.000000,0.000000,0.000000,0.000000,0.000000,0.000000,0.000000,0.000000,-0.480000,9.560000,2.440000,-0.010000,-0.020000,-0.020000,38.880000,-10.250000,-10.000000
0.812000,399471.000000,18.000000,1822.000000,1791.000000,867.000000,1728.000000,1863.000000,0.000000,0.000000,0.000000,0.000000,0.000000,0.000000,0.000000,0.000000,0.000000,-0.480000,9.560000,2.440000,-0.010000,-0.020000,-0.020000,38.880000,-10.250000,-10.000000
0.814000,399472.000000,16.000000,1812.000000,1808.000000,962.000000,1749.000000,2001.000000,0.000000,0.000000,0.000000,0.000000,0.000000,0.000000,0.000000,0.000000,0.000000,-0.480000,9.560000,2.440000,-0.010000,-0.020000,-0.020000,38.880000,-10.250000,-10.000000
0.816000,399473.000000,14.000000,1825.000000,1797.000000,944.000000,1758.000000,1850.000000,0.000000,0.000000,0.000000,0.000000,0.000000,0.000000,0.000000,0.000000,0.000000,-0.480000,9.560000,2.440000,-0.010000,-0.020000,-0.020000,38.880000,-10.250000,-10.000000
0.818000,399474.000000,0.000000,1809.000000,1808.000000,880.000000,1761.000000,1786.000000,0.000000,0.000000,0.000000,0.000000,0.000000,0.000000,0.000000,0.000000,0.000000,-0.480000,9.560000,2.440000,-0.010000,-0.020000,-0.020000,38.880000,-10.250000,-10.000000
0.820000,399475.000000,560.000000,1822.000000,1809.000000,784.000000,1775.000000,1615.000000,0.000000,0.000000,0.000000,0.000000,0.000000,0.000000,0.000000,0.000000,0.000000,-0.470000,9.570000,2.440000,0.000000,-0.010000,-0.020000,37.750000,-11.750000,-10.000000
0.822000,399476.000000,6.000000,1818.000000,1842.000000,752.000000,1744.000000,1728.000000,0.000000,0.000000,0.000000,0.000000,0.000000,0.000000,0.000000,0.000000,0.000000,-0.470000,9.570000,2.440000,0.000000,-0.010000,-0.020000,37.750000,-11.750000,-10.000000
0.824000,399477.000000,78.000000,1793.000000,1807.000000,754.000000,1759.000000,1813.000000,0.000000,0.000000,0.000000,0.000000,0.000000,0.000000,0.000000,0.000000,0.000000,-0.470000,9.570000,2.440000,0.000000,-0.010000,-0.020000,37.750000,-11.750000,-10.000000
0.826000,399478.000000,4.000000,1786.000000,1821.000000,818.000000,1759.000000,1836.000000,0.000000,0.000000,0.000000,0.000000,0.000000,0.000000,0.000000,0.000000,0.000000,-0.470000,9.570000,2.440000,0.000000,-0.010000,-0.020000,37.750000,-11.750000,-10.000000
0.828000,399479.000000,1.000000,1805.000000,1827.000000,865.000000,1758.000000,1827.000000,0.000000,0.000000,0.000000,0.000000,0.000000,0.000000,0.000000,0.000000,0.000000,-0.470000,9.570000,2.440000,0.000000,-0.010000,-0.020000,37.750000,-11.750000,-10.000000
0.830000,399480.000000,573.000000,1786.000000,1811.000000,851.000000,1728.000000,1814.000000,0.000000,0.000000,0.000000,0.000000,0.000000,0.000000,0.000000,0.000000,0.000000,-0.450000,9.580000,2.500000,0.000000,-0.010000,-0.020000,37.750000,-11.750000,-10.000000
0.832000,399481.000000,16.000000,1777.000000,1798.000000,885.000000,1743.000000,1841.000000,0.000000,0.000000,0.000000,0.000000,0.000000,0.000000,0.000000,0.000000,0.000000,-0.450000,9.580000,2.500000,0.000000,-0.010000,-0.020000,37.750000,-11.750000,-10.000000
0.834000,399482.000000,15.000000,1801.000000,1808.000000,963.000000,1767.000000,1995.000000,0.000000,0.000000,0.000000,0.000000,0.000000,0.000000,0.000000,0.000000,0.000000,-0.450000,9.580000,2.500000,0.000000,-0.010000,-0.020000,37.750000,-11.750000,-10.000000
0.836000,399483.000000,0.000000,1781.000000,1808.000000,949.000000,1773.000000,1862.000000,0.000000,0.000000,0.000000,0.000000,0.000000,0.000000,0.000000,0.000000,0.000000,-0.450000,9.580000,2.500000,0.000000,-0.010000,-0.020000,37.750000,-11.750000,-10.000000
0.838000,399484.000000,7.000000,1809.000000,1799.000000,870.000000,1777.000000,1777.000000,0.000000,0.000000,0.000000,0.000000,0.000000,0.000000,0.000000,0.000000,0.000000,-0.450000,9.580000,2.500000,0.000000,-0.010000,-0.020000,37.750000,-11.750000,-10.000000
0.840000,399485.000000,0.000000,1808.000000,1823.000000,782.000000,1781.000000,1602.000000,0.000000,0.000000,0.000000,0.000000,0.000000,0.000000,0.000000,0.000000,0.000000,-0.370000,9.570000,2.520000,0.000000,-0.010000,-0.020000,37.750000,-11.750000,-10.000000
0.842000,399486.000000,16.000000,1778.000000,1809.000000,743.000000,1766.000000,1753.000000,0.000000,0.000000,0.000000,0.000000,0.000000,0.000000,0.000000,0.000000,0.000000,-0.370000,9.570000,2.520000,0.000000,-0.010000,-0.020000,37.750000,-11.750000,-10.000000
0.844000,399487.000000,1.000000,1807.000000,1786.000000,796.000000,1760.000000,1808.000000,0.000000,0.000000,0.000000,0.000000,0.000000,0.000000,0.000000,0.000000,0.000000,-0.370000,9.570000,2.520000,0.000000,-0.010000,-0.020000,37.750000,-11.750000,-10.000000
0.846000,399488.000000,0.000000,1778.000000,1799.000000,829.000000,1756.000000,1823.000000,0.000000,0.000000,0.000000,0.000000,0.000000,0.000000,0.000000,0.000000,0.000000,-0.370000,9.570000,2.520000,0.000000,-0.010000,-0.020000,37.750000,-11.750000,-10.000000
0.848000,399489.000000,2.000000,1786.000000,1803.000000,873.000000,1753.000000,1823.000000,0.000000,0.000000,0.000000,0.000000,0.000000,0.000000,0.000000,0.000000,0.000000,-0.370000,9.570000,2.520000,0.000000,-0.010000,-0.020000,37.750000,-11.750000,-10.000000
0.850000,399490.000000,563.000000,1773.000000,1791.000000,862.000000,1758.000000,1840.000000,0.000000,0.000000,0.000000,0.000000,0.000000,0.000000,0.000000,0.000000,0.000000,-0.330000,9.530000,2.460000,0.000000,-0.010000,-0.020000,37.750000,-11.750000,-10.000000
0.852000,399491.000000,27.000000,1807.000000,1795.000000,884.000000,1776.000000,1859.000000,0.000000,0.000000,0.000000,0.000000,0.000000,0.000000,0.000000,0.000000,0.000000,-0.330000,9.530000,2.460000,0.000000,-0.010000,-0.020000,37.750000,-11.750000,-10.000000
0.854000,399492.000000,16.000000,1783.000000,1787.000000,988.000000,1785.000000,2011.000000,0.000000,0.000000,0.000000,0.000000,0.000000,0.000000,0.000000,0.000000,0.000000,-0.330000,9.530000,2.460000,0.000000,-0.010000,-0.020000,37.750000,-11.750000,-10.000000
0.856000,399493.000000,6.000000,1792.000000,1786.000000,965.000000,1793.000000,1839.000000,0.000000,0.000000,0.000000,0.000000,0.000000,0.000000,0.000000,0.000000,0.000000,-0.330000,9.530000,2.460000,0.000000,-0.010000,-0.020000,37.750000,-11.750000,-10.000000
0.858000,399494.000000,5.000000,1806.000000,1773.000000,880.000000,1777.000000,1773.000000,0.000000,0.000000,0.000000,0.000000,0.000000,0.000000,0.000000,0.000000,0.000000,-0.330000,9.530000,2.460000,0.000000,-0.010000,-0.020000,37.750000,-11.750000,-10.000000
0.860000,399495.000000,563.000000,1794.000000,1825.000000,759.000000,1803.000000,1600.000000,0.000000,0.000000,0.000000,0.000000,0.000000,0.000000,0.000000,0.000000,0.000000,-0.290000,9.520000,2.470000,0.000000,-0.010000,-0.010000,37.750000,-11.750000,-10.000000
0.862000,399496.000000,4.000000,1806.000000,1801.000000,749.000000,1790.000000,1751.000000,0.000000,0.000000,0.000000,0.000000,0.000000,0.000000,0.000000,0.000000,0.000000,-0.290000,9.520000,2.470000,0.000000,-0.010000,-0.010000,37.750000,-11.750000,-10.000000
0.864000,399497.000000,3.000000,1795.000000,1775.000000,763.000000,1792.000000,1817.000000,0.000000,0.000000,0.000000,0.000000,0.000000,0.000000,0.000000,0.000000,0.000000,-0.290000,9.520000,2.470000,0.000000,-0.010000,-0.010000,37.750000,-11.750000,-10.000000
0.866000,399498.000000,0.000000,1789.000000,1790.000000,837.000000,1815.000000,1820.000000,0.000000,0.000000,0.000000,0.000000,0.000000,0.000000,0.000000,0.000000,0.000000,-0.290000,9.520000,2.470000,0.000000,-0.010000,-0.010000,37.750000,-11.750000,-10.000000
0.868000,399499.000000,6.000000,1798.000000,1787.000000,859.000000,1787.000000,1840.000000,0.000000,0.000000,0.000000,0.000000,0.000000,0.000000,0.000000,0.000000,0.000000,-0.290000,9.520000,2.470000,0.000000,-0.010000,-0.010000,37.750000,-11.750000,-10.000000
0.870000,399500.000000,578.000000,1799.000000,1767.000000,863.000000,1783.000000,1815.000000,0.000000,0.000000,0.000000,0.000000,0.000000,0.000000,0.000000,0.000000,0.000000,-0.250000,9.540000,2.550000,0.000000,-0.020000,-0.010000,38.190000,-10.000000,-10.380000
0.872000,399501.000000,18.000000,1815.000000,1765.000000,879.000000,1792.000000,1853.000000,0.000000,0.000000,0.000000,0.000000,0.000000,0.000000,0.000000,0.000000,0.000000,-0.250000,9.540000,2.550000,0.000000,-0.020000,-0.010000,38.190000,-10.000000,-10.380000
0.874000,399502.000000,80.000000,1824.000000,1776.000000,960.000000,1823.000000,2011.000000,0.000000,0.000000,0.000000,0.000000,0.000000,0.000000,0.000000,0.000000,0.000000,-0.250000,9.540000,2.550000,0.000000,-0.020000,-0.010000,38.190000,-10.000000,-10.380000
0.876000,399503.000000,5.000000,1829.000000,1808.000000,937.000000,1808.000000,1855.000000,0.000000,0.000000,0.000000,0.000000,0.000000,0.000000,0.000000,0.000000,0.000000,-0.250000,9.540000,2.550000,0.000000,-0.020000,-0.010000,38.190000,-10.000000,-10.380000
0.878000,399504.000000,0.000000,1840.000000,1817.000000,852.000000,1840.000000,1783.000000,0.000000,0.000000,0.000000,0.000000,0.000000,0.000000,0.000000,0.000000,0.000000,-0.250000,9.540000,2.550000,0.000000,-0.020000,-0.010000,38.190000,-10.000000,-10.380000
0.880000,399505.000000,0.000000,1862.000000,1794.000000,765.000000,1841.000000,1620.000000,0.000000,0.000000,0.000000,0.000000,0.000000,0.000000,0.000000,0.000000,0.000000,-0.250000,9.560000,2.440000,0.000000,-0.010000,-0.010000,38.190000,-10.000000,-10.380000
0.882000,399506.000000,171.000000,1827.000000,1795.000000,755.000000,1822.000000,1707.000000,0.000000,0.000000,0.000000,0.000000,0.000000,0.000000,0.000000,0.000000,0.000000,-0.250000,9.560000,2.440000,0.000000,-0.010000,-0.010000,38.190000,-10.000000,-10.380000
0.884000,399507.000000,1.000000,1811.000000,1803.000000,782.000000,1814.000000,1833.000000,0.000000,0.000000,0.000000,0.000000,0.000000,0.000000,0.000000,0.000000,0.000000,-0.250000,9.560000,2.440000,0.000000,-0.010000,-0.010000,38.190000,-10.000000,-10.380000
0.886000,399508.000000,6.000000,1833.000000,1798.000000,847.000000,1820.000000,1834.000000,0.000000,0.000000,0.000000,0.000000,0.000000,0.000000,0.000000,0.000000,0.000000,-0.250000,9.560000,2.440000,0.000000,-0.010000,-0.010000,38.190000,-10.000000,-10.380000
0.888000,399509.000000,2.000000,1819.000000,1808.000000,859.000000,1847.000000,1835.000000,0.000000,0.000000,0.000000,0.000000,0.000000,0.000000,0.000000,0.000000,0.000000,-0.250000,9.560000,2.440000,0.000000,-0.010000,-0.010000,38.190000,-10.000000,-10.380000
0.890000,399510.000000,594.000000,1845.000000,1837.000000,880.000000,1857.000000,1835.000000,0.000000,0.000000,0.000000,0.000000,0.000000,0.000000,0.000000,0.000000,0.000000,-0.260000,9.590000,2.430000,0.000000,0.000000,0.000000,38.190000,-10.000000,-10.380000
0.892000,399511.000000,16.000000,1856.000000,1840.000000,886.000000,1872.000000,1873.000000,0.000000,0.000000,0.000000,0.000000,0.000000,0.000000,0.000000,0.000000,0.000000,-0.260000,9.590000,2.430000,0.000000,0.000000,0.000000,38.190000,-10.000000,-10.380000
0.894000,399512.000000,16.000000,1856.000000,1856.000000,974.000000,1859.000000,2006.000000,0.000000,0.000000,0.000000,0.000000,0.000000,0.000000,0.000000,0.000000,0.000000,-0.260000,9.590000,2.430000,0.000000,0.000000,0.000000,38.190000,-10.000000,-10.380000
0.896000,399513.000000,15.000000,1862.000000,1870.000000,951.000000,1888.000000,1859.000000,0.000000,0.000000,0.000000,0.000000,0.000000,0.000000,0.000000,0.000000,0.000000,-0.260000,9.590000,2.430000,0.000000,0.000000,0.000000,38.190000,-10.000000,-10.380000
0.898000,399514.000000,0.000000,1871.000000,1867.000000,881.000000,1856.000000,1778.000000,0.000000,0.000000,0.000000,0.000000,0.000000,0.000000,0.000000,0.000000,0.000000,-0.260000,9.590000,2.430000,0.000000,0.000000,0.000000,38.190000,-10.000000,-10.380000
0.900000,399515.000000,319.000000,1885.000000,1872.000000,762.000000,1871.000000,1590.000000,0.000000,0.000000,0.000000,0.000000,0.000000,0.000000,0.000000,0.000000,0.000000,-0.290000,9.550000,2.280000,0.010000,0.020000,0.000000,38.190000,-10.000000,-10.380000
0.902000,399516.000000,0.000000,1875.000000,1871.000000,762.000000,1877.000000,1724.000000,0.000000,0.000000,0.000000,0.000000,0.000000,0.000000,0.000000,0.000000,0.000000,-0.290000,9.550000,2.280000,0.010000,0.020000,0.000000,38.190000,-10.000000,-10.380000
0.904000,399517.000000,0.000000,1880.000000,1913.000000,781.000000,1892.000000,1845.000000,0.000000,0.000000,0.000000,0.000000,0.000000,0.000000,0.000000,0.000000,0.000000,-0.290000,9.550000,2.280000,0.010000,0.020000,0.000000,38.190000,-10.000000,-10.380000
0.906000,399518.000000,0.000000,1877.000000,1895.000000,849.000000,1883.000000,1844.000000,0.000000,0.000000,0.000000,0.000000,0.000000,0.000000,0.000000,0.000000,0.000000,-0.290000,9.550000,2.280000,0.010000,0.020000,0.000000,38.190000,-10.000000,-10.380000
0.908000,399519.000000,6.000000,1875.000000,1890.000000,871.000000,1871.000000,1841.000000,0.000000,0.000000,0.000000,0.000000,0.000000,0.000000,0.000000,0.000000,0.000000,-0.290000,9.550000,2.280000,0.010000,0.020000,0.000000,38.190000,-10.000000,-10.380000
0.910000,399520.000000,608.000000,1887.000000,1919.000000,861.000000,1889.000000,1856.000000,0.000000,0.000000,0.000000,0.000000,0.000000,0.000000,0.000000,0.000000,0.000000,-0.430000,9.490000,2.340000,0.020000,0.030000,0.000000,38.190000,-10.000000,-10.380000
0.912000,399521.000000,19.000000,1925.000000,1933.000000,886.000000,1883.000000,1909.000000,0.000000,0.000000,0.000000,0.000000,0.000000,0.000000,0.000000,0.000000,0.000000,-0.430000,9.490000,2.340000,0.020000,0.030000,0.000000,38.190000,-10.000000,-10.380000
0.914000,399522.000000,25.000000,1921.000000,1933.000000,983.000000,1871.000000,2018.000000,0.000000,0.000000,0.000000,0.000000,0.000000,0.000000,0.000000,0.000000,0.000000,-0.430000,9.490000,2.340000,0.020000,0.030000,0.000000,38.190000,-10.000000,-10.380000
0.916000,399523.000000,16.000000,1917.000000,1950.000000,959.000000,1889.000000,1861.000000,0.000000,0.000000,0.000000,0.000000,0.000000,0.000000,0.000000,0.000000,0.000000,-0.430000,9.490000,2.340000,0.020000,0.030000,0.000000,38.190000,-10.000000,-10.380000
0.918000,399524.000000,0.000000,1940.000000,1930.000000,878.000000,1872.000000,1777.000000,0.000000,0.000000,0.000000,0.000000,0.000000,0.000000,0.000000,0.000000,0.000000,-0.430000,9.490000,2.340000,0.020000,0.030000,0.000000,38.190000,-10.000000,-10.380000
0.920000,399525.000000,601.000000,1921.000000,1944.000000,784.000000,1867.000000,1638.000000,0.000000,0.000000,0.000000,0.000000,0.000000,0.000000,0.000000,0.000000,0.000000,-0.490000,9.470000,2.380000,0.020000,0.040000,0.000000,38.560000,-11.380000,-10.000000
0.922000,399526.000000,15.000000,1919.000000,1952.000000,772.000000,1895.000000,1713.000000,0.000000,0.000000,0.000000,0.000000,0.000000,0.000000,0.000000,0.000000,0.000000,-0.490000,9.470000,2.380000,0.020000,0.040000,0.000000,38.560000,-11.380000,-10.000000
0.924000,399527.000000,79.000000,1940.000000,1936.000000,814.000000,1908.000000,1857.000000,0.000000,0.000000,0.000000,0.000000,0.000000,0.000000,0.000000,0.000000,0.000000,-0.490000,9.470000,2.380000,0.020000,0.040000,0.000000,38.560000,-11.380000,-10.000000
0.926000,399528.000000,6.000000,1935.000000,1946.000000,858.000000,1901.000000,1847.000000,0.000000,0.000000,0.000000,0.000000,0.000000,0.000000,0.000000,0.000000,0.000000,-0.490000,9.470000,2.380000,0.020000,0.040000,0.000000,38.560000,-11.380000,-10.000000
0.928000,399529.000000,7.000000,1937.000000,1984.000000,885.000000,1934.000000,1850.000000,0.000000,0.000000,0.000000,0.000000,0.000000,0.000000,0.000000,0.000000,0.000000,-0.490000,9.470000,2.380000,0.020000,0.040000,0.000000,38.560000,-11.380000,-10.000000
0.930000,399530.000000,193.000000,1963.000000,1962.000000,885.000000,1924.000000,1859.000000,0.000000,0.000000,0.000000,0.000000,0.000000,0.000000,0.000000,0.000000,0.000000,-0.530000,9.450000,2.410000,0.020000,0.040000,0.000000,38.560000,-11.380000,-10.000000
0.932000,399531.000000,21.000000,1984.000000,1983.000000,912.000000,1949.000000,1921.000000,0.000000,0.000000,0.000000,0.000000,0.000000,0.000000,0.000000,0.000000,0.000000,-0.530000,9.450000,2.410000,0.020000,0.040000,0.000000,38.560000,-11.380000,-10.000000
0.934000,399532.000000,29.000000,1979.000000,1993.000000,1015.000000,1936.000000,2007.000000,0.000000,0.000000,0.000000,0.000000,0.000000,0.000000,0.000000,0.000000,0.000000,-0.530000,9.450000,2.410000,0.020000,0.040000,0.000000,38.560000,-11.380000,-10.000000
0.936000,399533.000000,10.000000,2000.000000,2023.000000,961.000000,1953.000000,1850.000000,0.000000,0.000000,0.000000,0.000000,0.000000,0.000000,0.000000,0.000000,0.000000,-0.530000,9.450000,2.410000,0.020000,0.040000,0.000000,38.560000,-11.380000,-10.000000
0.938000,399534.000000,10.000000,2028.000000,2055.000000,880.000000,1962.000000,1783.000000,0.000000,0.000000,0.000000,0.000000,0.000000,0.000000,0.000000,0.000000,0.000000,-0.530000,9.450000,2.410000,0.020000,0.040000,0.000000,38.560000,-11.380000,-10.000000
0.940000,399535.000000,71.000000,2055.000000,2043.000000,793.000000,1974.000000,1659.000000,0.000000,0.000000,0.000000,0.000000,0.000000,0.000000,0.000000,0.000000,0.000000,-0.570000,9.450000,2.450000,0.020000,0.050000,-0.020000,38.560000,-11.380000,-10.000000
0.942000,399536.000000,41.000000,2065.000000,2023.000000,799.000000,1996.000000,1741.000000,0.000000,0.000000,0.000000,0.000000,0.000000,0.000000,0.000000,0.000000,0.000000,-0.570000,9.450000,2.450000,0.020000,0.050000,-0.020000,38.560000,-11.380000,-10.000000
0.944000,399537.000000,6.000000,2081.000000,2059.000000,832.000000,1987.000000,1878.000000,0.000000,0.000000,0.000000,0.000000,0.000000,0.000000,0.000000,0.000000,0.000000,-0.570000,9.450000,2.450000,0.020000,0.050000,-0.020000,38.560000,-11.380000,-10.000000
0.946000,399538.000000,6.000000,2097.000000,2064.000000,880.000000,1994.000000,1889.000000,0.000000,0.000000,0.000000,0.000000,0.000000,0.000000,0.000000,0.000000,0.000000,-0.570000,9.450000,2.450000,0.020000,0.050000,-0.020000,38.560000,-11.380000,-10.000000
0.948000,399539.000000,12.000000,2103.000000,2106.000000,943.000000,2041.000000,1887.000000,0.000000,0.000000,0.000000,0.000000,0.000000,0.000000,0.000000,0.000000,0.000000,-0.570000,9.450000,2.450000,0.020000,0.050000,-0.020000,38.560000,-11.380000,-10.000000
0.950000,399540.000000,694.000000,2134.000000,2094.000000,911.000000,2033.000000,1886.000000,0.000000,0.000000,0.000000,0.000000,0.000000,0.000000,0.000000,0.000000,0.000000,-0.610000,9.360000,2.430000,0.020000,0.030000,-0.030000,38.560000,-11.380000,-10.000000
0.952000,399541.000000,29.000000,2157.000000,2118.000000,919.000000,2087.000000,1971.000000,0.000000,0.000000,0.000000,0.000000,0.000000,0.000000,0.000000,0.000000,0.000000,-0.610000,9.360000,2.430000,0.020000,0.030000,-0.030000,38.560000,-11.380000,-10.000000
0.954000,399542.000000,21.000000,2160.000000,2122.000000,1037.000000,2097.000000,2055.000000,0.000000,0.000000,0.000000,0.000000,0.000000,0.000000,0.000000,0.000000,0.000000,-0.610000,9.360000,2.430000,0.020000,0.030000,-0.030000,38.560000,-11.380000,-10.000000
0.956000,399543.000000,17.000000,2205.000000,2159.000000,959.000000,2107.000000,1867.000000,0.000000,0.000000,0.000000,0.000000,0.000000,0.000000,0.000000,0.000000,0.000000,-0.610000,9.360000,2.430000,0.020000,0.030000,-0.030000,38.560000,-11.380000,-10.000000
0.958000,399544.000000,7.000000,2234.000000,2154.000000,896.000000,2139.000000,1821.000000,0.000000,0.000000,0.000000,0.000000,0.000000,0.000000,0.000000,0.000000,0.000000,-0.610000,9.360000,2.430000,0.020000,0.030000,-0.030000,38.560000,-11.380000,-10.000000
0.960000,399545.000000,721.000000,2295.000000,2192.000000,816.000000,2151.000000,1703.000000,0.000000,0.000000,0.000000,0.000000,0.000000,0.000000,0.000000,0.000000,0.000000,-0.580000,9.320000,2.460000,0.020000,0.030000,-0.040000,38.560000,-11.380000,-10.000000
0.962000,399546.000000,22.000000,2272.000000,2179.000000,816.000000,2145.000000,1767.000000,0.000000,0.000000,0.000000,0.000000,0.000000,0.000000,0.000000,0.000000,0.000000,-0.580000,9.320000,2.460000,0.020000,0.030000,-0.040000,38.560000,-11.380000,-10.000000
0.964000,399547.000000,3.000000,2275.000000,2192.000000,848.000000,2133.000000,1887.000000,0.000000,0.000000,0.000000,0.000000,0.000000,0.000000,0.000000,0.000000,0.000000,-0.580000,9.320000,2.460000,0.020000,0.030000,-0.040000,38.560000,-11.380000,-10.000000
0.966000,399548.000000,22.000000,2311.000000,2198.000000,894.000000,2125.000000,1914.000000,0.000000,0.000000,0.000000,0.000000,0.000000,0.000000,0.000000,0.000000,0.000000,-0.580000,9.320000,2.460000,0.020000,0.030000,-0.040000,38.560000,-11.380000,-10.000000
0.968000,399549.000000,15.000000,2311.000000,2189.000000,896.000000,2139.000000,1903.000000,0.000000,0.000000,0.000000,0.000000,0.000000,0.000000,0.000000,0.000000,0.000000,-0.580000,9.320000,2.460000,0.020000,0.030000,-0.040000,38.560000,-11.380000,-10.000000
0.970000,399550.000000,775.000000,2321.000000,2197.000000,918.000000,2143.000000,1905.000000,0.000000,0.000000,0.000000,0.000000,0.000000,0.000000,0.000000,0.000000,0.000000,-0.510000,9.340000,2.480000,0.020000,0.030000,-0.050000,36.750000,-10.000000,-11.250000
0.972000,399551.000000,35.000000,2338.000000,2209.000000,939.000000,2129.000000,1978.000000,0.000000,0.000000,0.000000,0.000000,0.000000,0.000000,0.000000,0.000000,0.000000,-0.510000,9.340000,2.480000,0.020000,0.030000,-0.050000,36.750000,-10.000000,-11.250000
0.974000,399552.000000,93.000000,2360.000000,2226.000000,1031.000000,2119.000000,2073.000000,0.000000,0.000000,0.000000,0.000000,0.000000,0.000000,0.000000,0.000000,0.000000,-0.510000,9.340000,2.480000,0.020000,0.030000,-0.050000,36.750000,-10.000000,-11.250000
0.976000,399553.000000,32.000000,2384.000000,2228.000000,975.000000,2115.000000,1884.000000,0.000000,0.000000,0.000000,0.000000,0.000000,0.000000,0.000000,0.000000,0.000000,-0.510000,9.340000,2.480000,0.020000,0.030000,-0.050000,36.750000,-10.000000,-11.250000
0.978000,399554.000000,15.000000,2415.000000,2235.000000,891.000000,2127.000000,1815.000000,0.000000,0.000000,0.000000,0.000000,0.000000,0.000000,0.000000,0.000000,0.000000,-0.510000,9.340000,2.480000,0.020000,0.030000,-0.050000,36.750000,-10.000000,-11.250000
0.980000,399555.000000,767.000000,2438.000000,2242.000000,816.000000,2110.000000,1702.000000,0.000000,0.000000,0.000000,0.000000,0.000000,0.000000,0.000000,0.000000,0.000000,-0.420000,9.350000,2.530000,0.020000,0.030000,-0.060000,36.750000,-10.000000,-11.250000
0.982000,399556.000000,31.000000,2405.000000,2238.000000,810.000000,2065.000000,1744.000000,0.000000,0.000000,0.000000,0.000000,0.000000,0.000000,0.000000,0.000000,0.000000,-0.420000,9.350000,2.530000,0.020000,0.030000,-0.060000,36.750000,-10.000000,-11.250000
0.984000,399557.000000,16.000000,2431.000000,2239.000000,848.000000,2032.000000,1903.000000,0.000000,0.000000,0.000000,0.000000,0.000000,0.000000,0.000000,0.000000,0.000000,-0.420000,9.350000,2.530000,0.020000,0.030000,-0.060000,36.750000,-10.000000,-11.250000
0.986000,399558.000000,29.000000,2435.000000,2256.000000,893.000000,1999.000000,1919.000000,0.000000,0.000000,0.000000,0.000000,0.000000,0.000000,0.000000,0.000000,0.000000,-0.420000,9.350000,2.530000,0.020000,0.030000,-0.060000,36.750000,-10.000000,-11.250000
0.988000,399559.000000,11.000000,2446.000000,2267.000000,884.000000,1989.000000,1897.000000,0.000000,0.000000,0.000000,0.000000,0.000000,0.000000,0.000000,0.000000,0.000000,-0.420000,9.350000,2.530000,0.020000,0.030000,-0.060000,36.750000,-10.000000,-11.250000
0.990000,399560.000000,275.000000,2453.000000,2243.000000,925.000000,1949.000000,1873.000000,0.000000,0.000000,0.000000,0.000000,0.000000,0.000000,0.000000,0.000000,0.000000,-0.280000,9.490000,2.420000,0.020000,0.020000,-0.080000,36.750000,-10.000000,-11.250000
0.992000,399561.000000,23.000000,2480.000000,2267.000000,918.000000,1943.000000,2016.000000,0.000000,0.000000,0.000000,0.000000,0.000000,0.000000,0.000000,0.000000,0.000000,-0.280000,9.490000,2.420000,0.020000,0.020000,-0.080000,36.750000,-10.000000,-11.250000
0.994000,399562.000000,42.000000,2486.000000,2291.000000,1023.000000,1926.000000,2061.000000,0.000000,0.000000,0.000000,0.000000,0.000000,0.000000,0.000000,0.000000,0.000000,-0.280000,9.490000,2.420000,0.020000,0.020000,-0.080000,36.750000,-10.000000,-11.250000
0.996000,399563.000000,30.000000,2524.000000,2288.000000,951.000000,1915.000000,1883.000000,0.000000,0.000000,0.000000,0.000000,0.000000,0.000000,0.000000,0.000000,0.000000,-0.280000,9.490000,2.420000,0.020000,0.020000,-0.080000,36.750000,-10.000000,-11.250000
0.998000,399564.000000,31.000000,2522.000000,2299.000000,900.000000,1911.000000,1813.000000,0.000000,0.000000,0.000000,0.000000,0.000000,0.000000,0.000000,0.000000,0.000000,-0.280000,9.490000,2.420000,0.020000,0.020000,-0.080000,36.750000,-10.000000,-11.250000
1.000000,399565.000000,816.000000,2533.000000,2320.000000,783.000000,1867.000000,1707.000000,0.000000,0.000000,0.000000,0.000000,0.000000,0.000000,0.000000,0.000000,0.000000,-0.200000,9.510000,2.380000,0.020000,0.020000,-0.090000,36.750000,-10.000000,-11.250000
1.002000,399566.000000,32.000000,2513.000000,2309.000000,782.000000,1858.000000,1744.000000,0.000000,0.000000,0.000000,0.000000,0.000000,0.000000,0.000000,0.000000,0.000000,-0.200000,9.510000,2.380000,0.020000,0.020000,-0.090000,36.750000,-10.000000,-11.250000
1.004000,399567.000000,29.000000,2521.000000,2331.000000,845.000000,1824.000000,1903.000000,0.000000,0.000000,0.000000,0.000000,0.000000,0.000000,0.000000,0.000000,0.000000,-0.200000,9.510000,2.380000,0.020000,0.020000,-0.090000,36.750000,-10.000000,-11.250000
1.006000,399568.000000,17.000000,2538.000000,2309.000000,894.000000,1813.000000,1918.000000,0.000000,0.000000,0.000000,0.000000,0.000000,0.000000,0.000000,0.000000,0.000000,-0.200000,9.510000,2.380000,0.020000,0.020000,-0.090000,36.750000,-10.000000,-11.250000
1.008000,399569.000000,31.000000,2534.000000,2320.000000,909.000000,1782.000000,1925.000000,0.000000,0.000000,0.000000,0.000000,0.000000,0.000000,0.000000,0.000000,0.000000,-0.200000,9.510000,2.380000,0.020000,0.020000,-0.090000,36.750000,-10.000000,-11.250000
1.010000,399570.000000,841.000000,2595.000000,2353.000000,912.000000,1775.000000,1891.000000,0.000000,0.000000,0.000000,0.000000,0.000000,0.000000,0.000000,0.000000,0.000000,-0.060000,9.510000,2.390000,0.010000,0.010000,-0.100000,36.750000,-10.000000,-11.250000
1.012000,399571.000000,61.000000,2555.000000,2354.000000,944.000000,1737.000000,2041.000000,0.000000,0.000000,0.000000,0.000000,0.000000,0.000000,0.000000,0.000000,0.000000,-0.060000,9.510000,2.390000,0.010000,0.010000,-0.100000,36.750000,-10.000000,-11.250000
1.014000,399572.000000,41.000000,2559.000000,2352.000000,1039.000000,1730.000000,2035.000000,0.000000,0.000000,0.000000,0.000000,0.000000,0.000000,0.000000,0.000000,0.000000,-0.060000,9.510000,2.390000,0.010000,0.010000,-0.100000,36.750000,-10.000000,-11.250000
1.016000,399573.000000,29.000000,2596.000000,2394.000000,961.000000,1712.000000,1875.000000,0.000000,0.000000,0.000000,0.000000,0.000000,0.000000,0.000000,0.000000,0.000000,-0.060000,9.510000,2.390000,0.010000,0.010000,-0.100000,36.750000,-10.000000,-11.250000
1.018000,399574.000000,32.000000,2618.000000,2405.000000,905.000000,1677.000000,1803.000000,0.000000,0.000000,0.000000,0.000000,0.000000,0.000000,0.000000,0.000000,0.000000,-0.060000,9.510000,2.390000,0.010000,0.010000,-0.100000,36.750000,-10.000000,-11.250000
1.020000,399575.000000,43.000000,2605.000000,2407.000000,787.000000,1643.000000,1730.000000,0.000000,0.000000,0.000000,0.000000,0.000000,0.000000,0.000000,0.000000,0.000000,0.020000,9.510000,2.440000,0.010000,0.000000,-0.110000,38.560000,-12.190000,-10.000000
1.022000,399576.000000,62.000000,2618.000000,2411.000000,784.000000,1631.000000,1725.000000,0.000000,0.000000,0.000000,0.000000,0.000000,0.000000,0.000000,0.000000,0.000000,0.020000,9.510000,2.440000,0.010000,0.000000,-0.110000,38.560000,-12.190000,-10.000000
1.024000,399577.000000,122.000000,2598.000000,2421.000000,846.000000,1611.000000,1920.000000,0.000000,0.000000,0.000000,0.000000,0.000000,0.000000,0.000000,0.000000,0.000000,0.020000,9.510000,2.440000,0.010000,0.000000,-0.110000,38.560000,-12.190000,-10.000000
1.026000,399578.000000,28.000000,2595.000000,2382.000000,880.000000,1584.000000,1910.000000,0.000000,0.000000,0.000000,0.000000,0.000000,0.000000,0.000000,0.000000,0.000000,0.020000,9.510000,2.440000,0.010000,0.000000,-0.110000,38.560000,-12.190000,-10.000000
1.028000,399579.000000,34.000000,2591.000000,2384.000000,903.000000,1568.000000,1908.000000,0.000000,0.000000,0.000000,0.000000,0.000000,0.000000,0.000000,0.000000,0.000000,0.020000,9.510000,2.440000,0.010000,0.000000,-0.110000,38.560000,-12.190000,-10.000000
1.030000,399580.000000,859.000000,2613.000000,2405.000000,880.000000,1522.000000,1902.000000,0.000000,0.000000,0.000000,0.000000,0.000000,0.000000,0.000000,0.000000,0.000000,0.180000,9.410000,2.510000,0.000000,0.000000,-0.110000,38.560000,-12.190000,-10.000000
1.032000,399581.000000,53.000000,2579.000000,2374.000000,934.000000,1509.000000,2047.000000,0.000000,0.000000,0.000000,0.000000,0.000000,0.000000,0.000000,0.000000,0.000000,0.180000,9.410000,2.510000,0.000000,0.000000,-0.110000,38.560000,-12.190000,-10.000000
1.034000,399582.000000,48.000000,2590.000000,2411.000000,1014.000000,1520.000000,2039.000000,0.000000,0.000000,0.000000,0.000000,0.000000,0.000000,0.000000,0.000000,0.000000,0.180000,9.410000,2.510000,0.000000,0.000000,-0.110000,38.560000,-12.190000,-10.000000
1.036000,399583.000000,21.000000,2591.000000,2415.000000,958.000000,1508.000000,1853.000000,0.000000,0.000000,0.000000,0.000000,0.000000,0.000000,0.000000,0.000000,0.000000,0.180000,9.410000,2.510000,0.000000,0.000000,-0.110000,38.560000,-12.190000,-10.000000
1.038000,399584.000000,16.000000,2608.000000,2415.000000,895.000000,1487.000000,1771.000000,0.000000,0.000000,0.000000,0.000000,0.000000,0.000000,0.000000,0.000000,0.000000,0.180000,9.410000,2.510000,0.000000,0.000000,-0.110000,38.560000,-12.190000,-10.000000
1.040000,399585.000000,809.000000,2587.000000,2411.000000,772.000000,1469.000000,1691.000000,0.000000,0.000000,0.000000,0.000000,0.000000,0.000000,0.000000,0.000000,0.000000,0.270000,9.410000,2.430000,-0.010000,-0.010000,-0.120000,38.560000,-12.190000,-10.000000
1.042000,399586.000000,43.000000,2559.000000,2387.000000,773.000000,1458.000000,1741.000000,0.000000,0.000000,0.000000,0.000000,0.000000,0.000000,0.000000,0.000000,0.000000,0.270000,9.410000,2.430000,-0.010000,-0.010000,-0.120000,38.560000,-12.190000,-10.000000
1.044000,399587.000000,29.000000,2551.000000,2370.000000,822.000000,1439.000000,1889.000000,0.000000,0.000000,0.000000,0.000000,0.000000,0.000000,0.000000,0.000000,0.000000,0.270000,9.410000,2.430000,-0.010000,-0.010000,-0.120000,38.560000,-12.190000,-10.000000
1.046000,399588.000000,35.000000,2527.000000,2385.000000,859.000000,1438.000000,1907.000000,0.000000,0.000000,0.000000,0.000000,0.000000,0.000000,0.000000,0.000000,0.000000,0.270000,9.410000,2.430000,-0.010000,-0.010000,-0.120000,38.560000,-12.190000,-10.000000
1.048000,399589.000000,48.000000,2539.000000,2375.000000,909.000000,1423.000000,1879.000000,0.000000,0.000000,0.000000,0.000000,0.000000,0.000000,0.000000,0.000000,0.000000,0.270000,9.410000,2.430000,-0.010000,-0.010000,-0.120000,38.560000,-12.190000,-10.000000
1.050000,399590.000000,832.000000,2518.000000,2385.000000,882.000000,1415.000000,1879.000000,0.000000,0.000000,0.000000,0.000000,0.000000,0.000000,0.000000,0.000000,0.000000,0.410000,9.550000,2.270000,-0.020000,-0.010000,-0.130000,38.560000,-12.190000,-10.000000
1.052000,399591.000000,56.000000,2494.000000,2368.000000,922.000000,1393.000000,2014.000000,0.000000,0.000000,0.000000,0.000000,0.000000,0.000000,0.000000,0.000000,0.000000,0.410000,9.550000,2.270000,-0.020000,-0.010000,-0.130000,38.560000,-12.190000,-10.000000
1.054000,399592.000000,44.000000,2523.000000,2381.000000,987.000000,1393.000000,2000.000000,0.000000,0.000000,0.000000,0.000000,0.000000,0.000000,0.000000,0.000000,0.000000,0.410000,9.550000,2.270000,-0.020000,-0.010000,-0.130000,38.560000,-12.190000,-10.000000
1.056000,399593.000000,31.000000,2507.000000,2391.000000,913.000000,1360.000000,1840.000000,0.000000,0.000000,0.000000,0.000000,0.000000,0.000000,0.000000,0.000000,0.000000,0.410000,9.550000,2.270000,-0.020000,-0.010000,-0.130000,38.560000,-12.190000,-10.000000
1.058000,399594.000000,16.000000,2503.000000,2357.000000,838.000000,1347.000000,1746.000000,0.000000,0.000000,0.000000,0.000000,0.000000,0.000000,0.000000,0.000000,0.000000,0.410000,9.550000,2.270000,-0.020000,-0.010000,-0.130000,38.560000,-12.190000,-10.000000
1.060000,399595.000000,796.000000,2485.000000,2365.000000,764.000000,1369.000000,1691.000000,0.000000,0.000000,0.000000,0.000000,0.000000,0.000000,0.000000,0.000000,0.000000,0.560000,9.730000,2.160000,-0.030000,-0.020000,-0.140000,38.560000,-12.190000,-10.000000
1.062000,399596.000000,18.000000,2453.000000,2367.000000,767.000000,1352.000000,1718.000000,0.000000,0.000000,0.000000,0.000000,0.000000,0.000000,0.000000,0.000000,0.000000,0.560000,9.730000,2.160000,-0.030000,-0.020000,-0.140000,38.560000,-12.190000,-10.000000
1.064000,399597.000000,34.000000,2463.000000,2347.000000,823.000000,1309.000000,1860.000000,0.000000,0.000000,0.000000,0.000000,0.000000,0.000000,0.000000,0.000000,0.000000,0.560000,9.730000,2.160000,-0.030000,-0.020000,-0.140000,38.560000,-12.190000,-10.000000
1.066000,399598.000000,0.000000,2462.000000,2353.000000,847.000000,1312.000000,1438.000000,0.000000,0.000000,0.000000,0.000000,0.000000,0.000000,0.000000,0.000000,0.000000,0.560000,9.730000,2.160000,-0.030000,-0.020000,-0.140000,38.560000,-12.190000,-10.000000
1.068000,399599.000000,0.000000,2453.000000,2343.000000,880.000000,1321.000000,1489.000000,0.000000,0.000000,0.000000,0.000000,0.000000,0.000000,0.000000,0.000000,0.000000,0.560000,9.730000,2.160000,-0.030000,-0.020000,-0.140000,38.560000,-12.190000,-10.000000
1.070000,399600.000000,37.000000,2461.000000,2323.000000,875.000000,1308.000000,1705.000000,0.000000,0.000000,0.000000,0.000000,0.000000,0.000000,0.000000,0.000000,0.000000,0.800000,9.840000,1.900000,-0.030000,-0.030000,-0.140000,38.190000,-10.690000,-10.380000
1.072000,399601.000000,13.000000,2434.000000,2303.000000,931.000000,1295.000000,1827.000000,0.000000,0.000000,0.000000,0.000000,0.000000,0.000000,0.000000,0.000000,0.000000,0.800000,9.840000,1.900000,-0.030000,-0.030000,-0.140000,38.190000,-10.690000,-10.380000
1.074000,399602.000000,96.000000,2437.000000,2335.000000,989.000000,1305.000000,1918.000000,0.000000,0.000000,0.000000,0.000000,0.000000,0.000000,0.000000,0.000000,0.000000,0.800000,9.840000,1.900000,-0.030000,-0.030000,-0.140000,38.190000,-10.690000,-10.380000
1.076000,399603.000000,16.000000,2447.000000,2322.000000,929.000000,1296.000000,1823.000000,0.000000,0.000000,0.000000,0.000000,0.000000,0.000000,0.000000,0.000000,0.000000,0.800000,9.840000,1.900000,-0.030000,-0.030000,-0.140000,38.190000,-10.690000,-10.380000
1.078000,399604.000000,11.000000,2455.000000,2320.000000,860.000000,1269.000000,1748.000000,0.000000,0.000000,0.000000,0.000000,0.000000,0.000000,0.000000,0.000000,0.000000,0.800000,9.840000,1.900000,-0.030000,-0.030000,-0.140000,38.190000,-10.690000,-10.380000
1.080000,399605.000000,771.000000,2416.000000,2320.000000,779.000000,1289.000000,1680.000000,0.000000,0.000000,0.000000,0.000000,0.000000,0.000000,0.000000,0.000000,0.000000,0.850000,9.830000,1.840000,-0.020000,-0.070000,-0.150000,38.190000,-10.690000,-10.380000
1.082000,399606.000000,22.000000,2431.000000,2314.000000,772.000000,1274.000000,1698.000000,0.000000,0.000000,0.000000,0.000000,0.000000,0.000000,0.000000,0.000000,0.000000,0.850000,9.830000,1.840000,-0.020000,-0.070000,-0.150000,38.190000,-10.690000,-10.380000
1.084000,399607.000000,13.000000,2397.000000,2308.000000,833.000000,1271.000000,1841.000000,0.000000,0.000000,0.000000,0.000000,0.000000,0.000000,0.000000,0.000000,0.000000,0.850000,9.830000,1.840000,-0.020000,-0.070000,-0.150000,38.190000,-10.690000,-10.380000
1.086000,399608.000000,18.000000,2411.000000,2304.000000,887.000000,1267.000000,1867.000000,0.000000,0.000000,0.000000,0.000000,0.000000,0.000000,0.000000,0.000000,0.000000,0.850000,9.830000,1.840000,-0.020000,-0.070000,-0.150000,38.190000,-10.690000,-10.380000
1.088000,399609.000000,18.000000,2416.000000,2306.000000,880.000000,1233.000000,1841.000000,0.000000,0.000000,0.000000,0.000000,0.000000,0.000000,0.000000,0.000000,0.000000,0.850000,9.830000,1.840000,-0.020000,-0.070000,-0.150000,38.190000,-10.690000,-10.380000
1.090000,399610.000000,780.000000,2401.000000,2303.000000,881.000000,1211.000000,1819.000000,0.000000,0.000000,0.000000,0.000000,0.000000,0.000000,0.000000,0.000000,0.000000,0.840000,9.870000,1.710000,0.000000,-0.100000,-0.160000,38.190000,-10.690000,-10.380000
1.092000,399611.000000,34.000000,2407.000000,2320.000000,940.000000,1210.000000,2027.000000,0.000000,0.000000,0.000000,0.000000,0.000000,0.000000,0.000000,0.000000,0.000000,0.840000,9.870000,1.710000,0.000000,-0.100000,-0.160000,38.190000,-10.690000,-10.380000
1.094000,399612.000000,43.000000,2417.000000,2288.000000,989.000000,1190.000000,1979.000000,0.000000,0.000000,0.000000,0.000000,0.000000,0.000000,0.000000,0.000000,0.000000,0.840000,9.870000,1.710000,0.000000,-0.100000,-0.160000,38.190000,-10.690000,-10.380000
1.096000,399613.000000,27.000000,2413.000000,2302.000000,922.000000,1194.000000,1823.000000,0.000000,0.000000,0.000000,0.000000,0.000000,0.000000,0.000000,0.000000,0.000000,0.840000,9.870000,1.710000,0.000000,-0.100000,-0.160000,38.190000,-10.690000,-10.380000
1.098000,399614.000000,15.000000,2413.000000,2317.000000,867.000000,1214.000000,1703.000000,0.000000,0.000000,0.000000,0.000000,0.000000,0.000000,0.000000,0.000000,0.000000,0.840000,9.870000,1.710000,0.000000,-0.100000,-0.160000,38.190000,-10.690000,-10.380000
1.100000,399615.000000,751.000000,2390.000000,2299.000000,754.000000,1191.000000,1676.000000,0.000000,0.000000,0.000000,0.000000,0.000000,0.000000,0.000000,0.000000,0.000000,0.720000,9.970000,1.470000,0.030000,-0.130000,-0.170000,38.190000,-10.690000,-10.380000
1.102000,399616.000000,19.000000,2414.000000,2298.000000,752.000000,1182.000000,1700.000000,0.000000,0.000000,0.000000,0.000000,0.000000,0.000000,0.000000,0.000000,0.000000,0.720000,9.970000,1.470000,0.030000,-0.130000,-0.170000,38.190000,-10.690000,-10.380000
1.104000,399617.000000,12.000000,2375.000000,2271.000000,830.000000,1153.000000,1855.000000,0.000000,0.000000,0.000000,0.000000,0.000000,0.000000,0.000000,0.000000,0.000000,0.720000,9.970000,1.470000,0.030000,-0.130000,-0.170000,38.190000,-10.690000,-10.380000
1.106000,399618.000000,12.000000,2367.000000,2319.000000,860.000000,1163.000000,1871.000000,0.000000,0.000000,0.000000,0.000000,0.000000,0.000000,0.000000,0.000000,0.000000,0.720000,9.970000,1.470000,0.030000,-0.130000,-0.170000,38.190000,-10.690000,-10.380000
1.108000,399619.000000,26.000000,2403.000000,2320.000000,880.000000,1162.000000,1856.000000,0.000000,0.000000,0.000000,0.000000,0.000000,0.000000,0.000000,0.000000,0.000000,0.720000,9.970000,1.470000,0.030000,-0.130000,-0.170000,38.190000,-10.690000,-10.380000
1.110000,399620.000000,33.000000,2394.000000,2331.000000,880.000000,1115.000000,1862.000000,0.000000,0.000000,0.000000,0.000000,0.000000,0.000000,0.000000,0.000000,0.000000,0.600000,10.010000,1.460000,0.060000,-0.130000,-0.180000,38.190000,-10.690000,-10.380000
1.112000,399621.000000,58.000000,2417.000000,2306.000000,927.000000,1143.000000,2010.000000,0.000000,0.000000,0.000000,0.000000,0.000000,0.000000,0.000000,0.000000,0.000000,0.600000,10.010000,1.460000,0.060000,-0.130000,-0.180000,38.190000,-10.690000,-10.380000
1.114000,399622.000000,20.000000,2394.000000,2330.000000,1007.000000,1136.000000,1982.000000,0.000000,0.000000,0.000000,0.000000,0.000000,0.000000,0.000000,0.000000,0.000000,0.600000,10.010000,1.460000,0.060000,-0.130000,-0.180000,38.190000,-10.690000,-10.380000
1.116000,399623.000000,36.000000,2400.000000,2330.000000,945.000000,1186.000000,1823.000000,0.000000,0.000000,0.000000,0.000000,0.000000,0.000000,0.000000,0.000000,0.000000,0.600000,10.010000,1.460000,0.060000,-0.130000,-0.180000,38.190000,-10.690000,-10.380000
1.118000,399624.000000,13.000000,2406.000000,2301.000000,837.000000,1224.000000,1727.000000,0.000000,0.000000,0.000000,0.000000,0.000000,0.000000,0.000000,0.000000,0.000000,0.600000,10.010000,1.460000,0.060000,-0.130000,-0.180000,38.190000,-10.690000,-10.380000
1.120000,399625.000000,764.000000,2401.000000,2310.000000,752.000000,1213.000000,1674.000000,0.000000,0.000000,0.000000,0.000000,0.000000,0.000000,0.000000,0.000000,0.000000,0.470000,10.020000,1.420000,0.090000,-0.100000,-0.190000,38.880000,-11.060000,-10.380000
1.122000,399626.000000,18.000000,2397.000000,2293.000000,751.000000,1260.000000,1742.000000,0.000000,0.000000,0.000000,0.000000,0.000000,0.000000,0.000000,0.000000,0.000000,0.470000,10.020000,1.420000,0.090000,-0.100000,-0.190000,38.880000,-11.060000,-10.380000
1.124000,399627.000000,144.000000,2357.000000,2308.000000,848.000000,1255.000000,1875.000000,0.000000,0.000000,0.000000,0.000000,0.000000,0.000000,0.000000,0.000000,0.000000,0.470000,10.020000,1.420000,0.090000,-0.100000,-0.190000,38.880000,-11.060000,-10.380000
1.126000,399628.000000,32.000000,2359.000000,2304.000000,848.000000,1264.000000,1863.000000,0.000000,0.000000,0.000000,0.000000,0.000000,0.000000,0.000000,0.000000,0.000000,0.470000,10.020000,1.420000,0.090000,-0.100000,-0.190000,38.880000,-11.060000,-10.380000
1.128000,399629.000000,18.000000,2375.000000,2310.000000,848.000000,1319.000000,1857.000000,0.000000,0.000000,0.000000,0.000000,0.000000,0.000000,0.000000,0.000000,0.000000,0.470000,10.020000,1.420000,0.090000,-0.100000,-0.190000,38.880000,-11.060000,-10.380000
1.130000,399630.000000,780.000000,2373.000000,2288.000000,869.000000,1331.000000,1861.000000,0.000000,0.000000,0.000000,0.000000,0.000000,0.000000,0.000000,0.000000,0.000000,0.380000,9.990000,1.340000,0.130000,-0.070000,-0.200000,38.880000,-11.060000,-10.380000
1.132000,399631.000000,43.000000,2381.000000,2313.000000,932.000000,1378.000000,2043.000000,0.000000,0.000000,0.000000,0.000000,0.000000,0.000000,0.000000,0.000000,0.000000,0.380000,9.990000,1.340000,0.130000,-0.070000,-0.200000,38.880000,-11.060000,-10.380000
1.134000,399632.000000,37.000000,2366.000000,2333.000000,997.000000,1392.000000,1941.000000,0.000000,0.000000,0.000000,0.000000,0.000000,0.000000,0.000000,0.000000,0.000000,0.380000,9.990000,1.340000,0.130000,-0.070000,-0.200000,38.880000,-11.060000,-10.380000
1.136000,399633.000000,15.000000,2365.000000,2323.000000,929.000000,1395.000000,1841.000000,0.000000,0.000000,0.000000,0.000000,0.000000,0.000000,0.000000,0.000000,0.000000,0.380000,9.990000,1.340000,0.130000,-0.070000,-0.200000,38.880000,-11.060000,-10.380000
1.138000,399634.000000,4.000000,2339.000000,2329.000000,842.000000,1431.000000,1723.000000,0.000000,0.000000,0.000000,0.000000,0.000000,0.000000,0.000000,0.000000,0.000000,0.380000,9.990000,1.340000,0.130000,-0.070000,-0.200000,38.880000,-11.060000,-10.380000
1.140000,399635.000000,742.000000,2341.000000,2326.000000,762.000000,1427.000000,1714.000000,0.000000,0.000000,0.000000,0.000000,0.000000,0.000000,0.000000,0.000000,0.000000,0.160000,10.030000,1.180000,0.160000,-0.040000,-0.200000,38.880000,-11.060000,-10.380000
1.142000,399636.000000,27.000000,2335.000000,2343.000000,768.000000,1453.000000,1754.000000,0.000000,0.000000,0.000000,0.000000,0.000000,0.000000,0.000000,0.000000,0.000000,0.160000,10.030000,1.180000,0.160000,-0.040000,-0.200000,38.880000,-11.060000,-10.380000
1.144000,399637.000000,22.000000,2324.000000,2341.000000,823.000000,1464.000000,1872.000000,0.000000,0.000000,0.000000,0.000000,0.000000,0.000000,0.000000,0.000000,0.000000,0.160000,10.030000,1.180000,0.160000,-0.040000,-0.200000,38.880000,-11.060000,-10.380000
1.146000,399638.000000,15.000000,2343.000000,2320.000000,867.000000,1475.000000,1893.000000,0.000000,0.000000,0.000000,0.000000,0.000000,0.000000,0.000000,0.000000,0.000000,0.160000,10.030000,1.180000,0.160000,-0.040000,-0.200000,38.880000,-11.060000,-10.380000
1.148000,399639.000000,23.000000,2322.000000,2336.000000,913.000000,1495.000000,1872.000000,0.000000,0.000000,0.000000,0.000000,0.000000,0.000000,0.000000,0.000000,0.000000,0.160000,10.030000,1.180000,0.160000,-0.040000,-0.200000,38.880000,-11.060000,-10.380000
1.150000,399640.000000,757.000000,2330.000000,2331.000000,878.000000,1499.000000,1873.000000,0.000000,0.000000,0.000000,0.000000,0.000000,0.000000,0.000000,0.000000,0.000000,0.080000,10.070000,1.050000,0.200000,-0.020000,-0.200000,38.880000,-11.060000,-10.380000
1.152000,399641.000000,48.000000,2317.000000,2345.000000,957.000000,1514.000000,2055.000000,0.000000,0.000000,0.000000,0.000000,0.000000,0.000000,0.000000,0.000000,0.000000,0.080000,10.070000,1.050000,0.200000,-0.020000,-0.200000,38.880000,-11.060000,-10.380000
1.154000,399642.000000,45.000000,2342.000000,2359.000000,1002.000000,1535.000000,1961.000000,0.000000,0.000000,0.000000,0.000000,0.000000,0.000000,0.000000,0.000000,0.000000,0.080000,10.070000,1.050000,0.200000,-0.020000,-0.200000,38.880000,-11.060000,-10.380000
1.156000,399643.000000,21.000000,2333.000000,2335.000000,927.000000,1584.000000,1840.000000,0.000000,0.000000,0.000000,0.000000,0.000000,0.000000,0.000000,0.000000,0.000000,0.080000,10.070000,1.050000,0.200000,-0.020000,-0.200000,38.880000,-11.060000,-10.380000
1.158000,399644.000000,16.000000,2338.000000,2333.000000,849.000000,1600.000000,1726.000000,0.000000,0.000000,0.000000,0.000000,0.000000,0.000000,0.000000,0.000000,0.000000,0.080000,10.070000,1.050000,0.200000,-0.020000,-0.200000,38.880000,-11.060000,-10.380000
1.160000,399645.000000,182.000000,2330.000000,2362.000000,763.000000,1618.000000,1726.000000,0.000000,0.000000,0.000000,0.000000,0.000000,0.000000,0.000000,0.000000,0.000000,0.060000,10.130000,1.050000,0.240000,0.010000,-0.180000,38.880000,-11.060000,-10.380000
1.162000,399646.000000,2.000000,2319.000000,2332.000000,764.000000,1632.000000,1787.000000,0.000000,0.000000,0.000000,0.000000,0.000000,0.000000,0.000000,0.000000,0.000000,0.060000,10.130000,1.050000,0.240000,0.010000,-0.180000,38.880000,-11.060000,-10.380000
1.164000,399647.000000,13.000000,2314.000000,2339.000000,833.000000,1650.000000,1876.000000,0.000000,0.000000,0.000000,0.000000,0.000000,0.000000,0.000000,0.000000,0.000000,0.060000,10.130000,1.050000,0.240000,0.010000,-0.180000,38.880000,-11.060000,-10.380000
1.166000,399648.000000,17.000000,2304.000000,2365.000000,870.000000,1657.000000,1871.000000,0.000000,0.000000,0.000000,0.000000,0.000000,0.000000,0.000000,0.000000,0.000000,0.060000,10.130000,1.050000,0.240000,0.010000,-0.180000,38.880000,-11.060000,-10.380000
1.168000,399649.000000,28.000000,2303.000000,2368.000000,890.000000,1671.000000,1901.000000,0.000000,0.000000,0.000000,0.000000,0.000000,0.000000,0.000000,0.000000,0.000000,0.060000,10.130000,1.050000,0.240000,0.010000,-0.180000,38.880000,-11.060000,-10.380000
1.170000,399650.000000,745.000000,2313.000000,2329.000000,887.000000,1680.000000,1898.000000,0.000000,0.000000,0.000000,0.000000,0.000000,0.000000,0.000000,0.000000,0.000000,0.070000,10.170000,1.000000,0.280000,0.040000,-0.150000,38.560000,-10.000000,-10.000000
1.172000,399651.000000,63.000000,2320.000000,2343.000000,931.000000,1684.000000,2054.000000,0.000000,0.000000,0.000000,0.000000,0.000000,0.000000,0.000000,0.000000,0.000000,0.070000,10.170000,1.000000,0.280000,0.040000,-0.150000,38.560000,-10.000000,-10.000000
1.174000,399652.000000,48.000000,2309.000000,2377.000000,983.000000,1731.000000,1949.000000,0.000000,0.000000,0.000000,0.000000,0.000000,0.000000,0.000000,0.000000,0.000000,0.070000,10.170000,1.000000,0.280000,0.040000,-0.150000,38.560000,-10.000000,-10.000000
1.176000,399653.000000,10.000000,2317.000000,2373.000000,913.000000,1749.000000,1861.000000,0.000000,0.000000,0.000000,0.000000,0.000000,0.000000,0.000000,0.000000,0.000000,0.070000,10.170000,1.000000,0.280000,0.040000,-0.150000,38.560000,-10.000000,-10.000000
1.178000,399654.000000,7.000000,2317.000000,2373.000000,833.000000,1754.000000,1719.000000,0.000000,0.000000,0.000000,0.000000,0.000000,0.000000,0.000000,0.000000,0.000000,0.070000,10.170000,1.000000,0.280000,0.040000,-0.150000,38.560000,-10.000000,-10.000000
1.180000,399655.000000,736.000000,2330.000000,2370.000000,772.000000,1771.000000,1734.000000,0.000000,0.000000,0.000000,0.000000,0.000000,0.000000,0.000000,0.000000,0.000000,0.220000,10.230000,0.960000,0.330000,0.080000,-0.110000,38.560000,-10.000000,-10.000000
1.182000,399656.000000,18.000000,2298.000000,2339.000000,755.000000,1783.000000,1810.000000,0.000000,0.000000,0.000000,0.000000,0.000000,0.000000,0.000000,0.000000,0.000000,0.220000,10.230000,0.960000,0.330000,0.080000,-0.110000,38.560000,-10.000000,-10.000000
1.184000,399657.000000,18.000000,2304.000000,2356.000000,825.000000,1776.000000,1841.000000,0.000000,0.000000,0.000000,0.000000,0.000000,0.000000,0.000000,0.000000,0.000000,0.220000,10.230000,0.960000,0.330000,0.080000,-0.110000,38.560000,-10.000000,-10.000000
1.186000,399658.000000,17.000000,2268.000000,2346.000000,865.000000,1792.000000,1881.000000,0.000000,0.000000,0.000000,0.000000,0.000000,0.000000,0.000000,0.000000,0.000000,0.220000,10.230000,0.960000,0.330000,0.080000,-0.110000,38.560000,-10.000000,-10.000000
1.188000,399659.000000,11.000000,2287.000000,2371.000000,875.000000,1839.000000,1905.000000,0.000000,0.000000,0.000000,0.000000,0.000000,0.000000,0.000000,0.000000,0.000000,0.220000,10.230000,0.960000,0.330000,0.080000,-0.110000,38.560000,-10.000000,-10.000000
1.190000,399660.000000,746.000000,2288.000000,2338.000000,857.000000,1839.000000,1898.000000,0.000000,0.000000,0.000000,0.000000,0.000000,0.000000,0.000000,0.000000,0.000000,0.240000,10.270000,0.870000,0.380000,0.120000,-0.080000,38.560000,-10.000000,-10.000000
1.192000,399661.000000,53.000000,2290.000000,2382.000000,948.000000,1876.000000,2081.000000,0.000000,0.000000,0.000000,0.000000,0.000000,0.000000,0.000000,0.000000,0.000000,0.240000,10.270000,0.870000,0.380000,0.120000,-0.080000,38.560000,-10.000000,-10.000000
1.194000,399662.000000,29.000000,2304.000000,2375.000000,985.000000,1901.000000,1981.000000,0.000000,0.000000,0.000000,0.000000,0.000000,0.000000,0.000000,0.000000,0.000000,0.240000,10.270000,0.870000,0.380000,0.120000,-0.080000,38.560000,-10.000000,-10.000000
1.196000,399663.000000,27.000000,2333.000000,2396.000000,914.000000,1924.000000,1844.000000,0.000000,0.000000,0.000000,0.000000,0.000000,0.000000,0.000000,0.000000,0.000000,0.240000,10.270000,0.870000,0.380000,0.120000,-0.080000,38.560000,-10.000000,-10.000000
1.198000,399664.000000,10.000000,2327.000000,2381.000000,818.000000,1920.000000,1718.000000,0.000000,0.000000,0.000000,0.000000,0.000000,0.000000,0.000000,0.000000,0.000000,0.240000,10.270000,0.870000,0.380000,0.120000,-0.080000,38.560000,-10.000000,-10.000000
1.200000,399665.000000,78.000000,2320.000000,2379.000000,770.000000,1926.000000,1743.000000,0.000000,0.000000,0.000000,0.000000,0.000000,0.000000,0.000000,0.000000,0.000000,0.340000,10.280000,0.740000,0.420000,0.150000,-0.040000,38.560000,-10.000000,-10.000000
1.202000,399666.000000,48.000000,2321.000000,2401.000000,759.000000,1924.000000,1843.000000,0.000000,0.000000,0.000000,0.000000,0.000000,0.000000,0.000000,0.000000,0.000000,0.340000,10.280000,0.740000,0.420000,0.150000,-0.040000,38.560000,-10.000000,-10.000000
1.204000,399667.000000,17.000000,2347.000000,2381.000000,841.000000,1925.000000,1806.000000,0.000000,0.000000,0.000000,0.000000,0.000000,0.000000,0.000000,0.000000,0.000000,0.340000,10.280000,0.740000,0.420000,0.150000,-0.040000,38.560000,-10.000000,-10.000000
1.206000,399668.000000,29.000000,2369.000000,2402.000000,879.000000,1919.000000,1863.000000,0.000000,0.000000,0.000000,0.000000,0.000000,0.000000,0.000000,0.000000,0.000000,0.340000,10.280000,0.740000,0.420000,0.150000,-0.040000,38.560000,-10.000000,-10.000000
1.208000,399669.000000,26.000000,2389.000000,2410.000000,870.000000,1938.000000,1890.000000,0.000000,0.000000,0.000000,0.000000,0.000000,0.000000,0.000000,0.000000,0.000000,0.340000,10.280000,0.740000,0.420000,0.150000,-0.040000,38.560000,-10.000000,-10.000000
1.210000,399670.000000,797.000000,2421.000000,2431.000000,886.000000,1934.000000,1889.000000,0.000000,0.000000,0.000000,0.000000,0.000000,0.000000,0.000000,0.000000,0.000000,0.400000,10.280000,0.620000,0.470000,0.180000,0.000000,38.560000,-10.000000,-10.000000
1.212000,399671.000000,52.000000,2457.000000,2435.000000,944.000000,1961.000000,2102.000000,0.000000,0.000000,0.000000,0.000000,0.000000,0.000000,0.000000,0.000000,0.000000,0.400000,10.280000,0.620000,0.470000,0.180000,0.000000,38.560000,-10.000000,-10.000000
1.214000,399672.000000,47.000000,2482.000000,2487.000000,1005.000000,1962.000000,1989.000000,0.000000,0.000000,0.000000,0.000000,0.000000,0.000000,0.000000,0.000000,0.000000,0.400000,10.280000,0.620000,0.470000,0.180000,0.000000,38.560000,-10.000000,-10.000000
1.216000,399673.000000,27.000000,2523.000000,2480.000000,901.000000,1979.000000,1879.000000,0.000000,0.000000,0.000000,0.000000,0.000000,0.000000,0.000000,0.000000,0.000000,0.400000,10.280000,0.620000,0.470000,0.180000,0.000000,38.560000,-10.000000,-10.000000
1.218000,399674.000000,16.000000,2543.000000,2512.000000,851.000000,1958.000000,1742.000000,0.000000,0.000000,0.000000,0.000000,0.000000,0.000000,0.000000,0.000000,0.000000,0.400000,10.280000,0.620000,0.470000,0.180000,0.000000,38.560000,-10.000000,-10.000000
1.220000,399675.000000,819.000000,2559.000000,2499.000000,781.000000,1973.000000,1770.000000,0.000000,0.000000,0.000000,0.000000,0.000000,0.000000,0.000000,0.000000,0.000000,0.400000,10.280000,0.620000,0.550000,0.200000,0.040000,38.190000,-10.690000,-10.380000
1.222000,399676.000000,42.000000,2589.000000,2554.000000,797.000000,1959.000000,1819.000000,0.000000,0.000000,0.000000,0.000000,0.000000,0.000000,0.000000,0.000000,0.000000,0.400000,10.280000,0.620000,0.550000,0.200000,0.040000,38.190000,-10.690000,-10.380000
1.224000,399677.000000,52.000000,2586.000000,2553.000000,853.000000,1957.000000,1925.000000,0.000000,0.000000,0.000000,0.000000,0.000000,0.000000,0.000000,0.000000,0.000000,0.400000,10.280000,0.620000,0.550000,0.200000,0.040000,38.190000,-10.690000,-10.380000
1.226000,399678.000000,30.000000,2617.000000,2559.000000,867.000000,1957.000000,1853.000000,0.000000,0.000000,0.000000,0.000000,0.000000,0.000000,0.000000,0.000000,0.000000,0.400000,10.280000,0.620000,0.550000,0.200000,0.040000,38.190000,-10.690000,-10.380000
1.228000,399679.000000,15.000000,2647.000000,2591.000000,895.000000,1969.000000,1825.000000,0.000000,0.000000,0.000000,0.000000,0.000000,0.000000,0.000000,0.000000,0.000000,0.400000,10.280000,0.620000,0.550000,0.200000,0.040000,38.190000,-10.690000,-10.380000
1.230000,399680.000000,878.000000,2675.000000,2593.000000,906.000000,1995.000000,1902.000000,0.000000,0.000000,0.000000,0.000000,0.000000,0.000000,0.000000,0.000000,0.000000,0.590000,10.350000,0.130000,0.650000,0.230000,0.070000,38.190000,-10.690000,-10.380000
1.232000,399681.000000,63.000000,2697.000000,2637.000000,991.000000,1962.000000,2115.000000,0.000000,0.000000,0.000000,0.000000,0.000000,0.000000,0.000000,0.000000,0.000000,0.590000,10.350000,0.130000,0.650000,0.230000,0.070000,38.190000,-10.690000,-10.380000
1.234000,399682.000000,28.000000,2730.000000,2660.000000,1008.000000,1968.000000,1951.000000,0.000000,0.000000,0.000000,0.000000,0.000000,0.000000,0.000000,0.000000,0.000000,0.590000,10.350000,0.130000,0.650000,0.230000,0.070000,38.190000,-10.690000,-10.380000
1.236000,399683.000000,24.000000,2749.000000,2675.000000,917.000000,1981.000000,1879.000000,0.000000,0.000000,0.000000,0.000000,0.000000,0.000000,0.000000,0.000000,0.000000,0.590000,10.350000,0.130000,0.650000,0.230000,0.070000,38.190000,-10.690000,-10.380000
1.238000,399684.000000,19.000000,2779.000000,2684.000000,871.000000,1968.000000,1726.000000,0.000000,0.000000,0.000000,0.000000,0.000000,0.000000,0.000000,0.000000,0.000000,0.590000,10.350000,0.130000,0.650000,0.230000,0.070000,38.190000,-10.690000,-10.380000
1.240000,399685.000000,895.000000,2806.000000,2720.000000,809.000000,1985.000000,1805.000000,0.000000,0.000000,0.000000,0.000000,0.000000,0.000000,0.000000,0.000000,0.000000,0.590000,10.470000,-0.040000,0.780000,0.260000,0.090000,38.190000,-10.690000,-10.380000
1.242000,399686.000000,48.000000,2786.000000,2723.000000,815.000000,1980.000000,1908.000000,0.000000,0.000000,0.000000,0.000000,0.000000,0.000000,0.000000,0.000000,0.000000,0.590000,10.470000,-0.040000,0.780000,0.260000,0.090000,38.190000,-10.690000,-10.380000
1.244000,399687.000000,46.000000,2815.000000,2752.000000,880.000000,1983.000000,1968.000000,0.000000,0.000000,0.000000,0.000000,0.000000,0.000000,0.000000,0.000000,0.000000,0.590000,10.470000,-0.040000,0.780000,0.260000,0.090000,38.190000,-10.690000,-10.380000
1.246000,399688.000000,37.000000,2810.000000,2750.000000,920.000000,1936.000000,1953.000000,0.000000,0.000000,0.000000,0.000000,0.000000,0.000000,0.000000,0.000000,0.000000,0.590000,10.470000,-0.040000,0.780000,0.260000,0.090000,38.190000,-10.690000,-10.380000
1.248000,399689.000000,38.000000,2849.000000,2794.000000,907.000000,1987.000000,1965.000000,0.000000,0.000000,0.000000,0.000000,0.000000,0.000000,0.000000,0.000000,0.000000,0.590000,10.470000,-0.040000,0.780000,0.260000,0.090000,38.190000,-10.690000,-10.380000
1.250000,399690.000000,151.000000,2867.000000,2781.000000,910.000000,1961.000000,1902.000000,0.000000,0.000000,0.000000,0.000000,0.000000,0.000000,0.000000,0.000000,0.000000,0.500000,10.520000,-0.210000,0.920000,0.290000,0.110000,38.190000,-10.690000,-10.380000
1.252000,399691.000000,50.000000,2868.000000,2821.000000,1023.000000,1985.000000,2150.000000,0.000000,0.000000,0.000000,0.000000,0.000000,0.000000,0.000000,0.000000,0.000000,0.500000,10.520000,-0.210000,0.920000,0.290000,0.110000,38.190000,-10.690000,-10.380000
1.254000,399692.000000,48.000000,2873.000000,2842.000000,1043.000000,1995.000000,1973.000000,0.000000,0.000000,0.000000,0.000000,0.000000,0.000000,0.000000,0.000000,0.000000,0.500000,10.520000,-0.210000,0.920000,0.290000,0.110000,38.190000,-10.690000,-10.380000
1.256000,399693.000000,55.000000,2905.000000,2867.000000,943.000000,1985.000000,1891.000000,0.000000,0.000000,0.000000,0.000000,0.000000,0.000000,0.000000,0.000000,0.000000,0.500000,10.520000,-0.210000,0.920000,0.290000,0.110000,38.190000,-10.690000,-10.380000
1.258000,399694.000000,29.000000,2896.000000,2864.000000,853.000000,2006.000000,1775.000000,0.000000,0.000000,0.000000,0.000000,0.000000,0.000000,0.000000,0.000000,0.000000,0.500000,10.520000,-0.210000,0.920000,0.290000,0.110000,38.190000,-10.690000,-10.380000
1.260000,399695.000000,241.000000,2925.000000,2829.000000,791.000000,1981.000000,1830.000000,0.000000,0.000000,0.000000,0.000000,0.000000,0.000000,0.000000,0.000000,0.000000,0.500000,10.520000,-0.210000,1.060000,0.310000,0.110000,38.190000,-10.690000,-10.380000
1.262000,399696.000000,26.000000,2886.000000,2854.000000,823.000000,1967.000000,1947.000000,0.000000,0.000000,0.000000,0.000000,0.000000,0.000000,0.000000,0.000000,0.000000,0.500000,10.520000,-0.210000,1.060000,0.310000,0.110000,38.190000,-10.690000,-10.380000
1.264000,399697.000000,65.000000,2902.000000,2876.000000,894.000000,1946.000000,1947.000000,0.000000,0.000000,0.000000,0.000000,0.000000,0.000000,0.000000,0.000000,0.000000,0.500000,10.520000,-0.210000,1.060000,0.310000,0.110000,38.190000,-10.690000,-10.380000
1.266000,399698.000000,51.000000,2903.000000,2873.000000,928.000000,1936.000000,1954.000000,0.000000,0.000000,0.000000,0.000000,0.000000,0.000000,0.000000,0.000000,0.000000,0.500000,10.520000,-0.210000,1.060000,0.310000,0.110000,38.190000,-10.690000,-10.380000
1.268000,399699.000000,41.000000,2914.000000,2890.000000,923.000000,1923.000000,1983.000000,0.000000,0.000000,0.000000,0.000000,0.000000,0.000000,0.000000,0.000000,0.000000,0.500000,10.520000,-0.210000,1.060000,0.310000,0.110000,38.190000,-10.690000,-10.380000
1.270000,399700.000000,961.000000,2902.000000,2881.000000,960.000000,1872.000000,1949.000000,0.000000,0.000000,0.000000,0.000000,0.000000,0.000000,0.000000,0.000000,0.000000,0.050000,10.590000,-0.210000,1.180000,0.340000,0.100000,37.750000,-9.560000,-10.750000
1.272000,399701.000000,86.000000,2911.000000,2896.000000,1043.000000,1841.000000,2130.000000,0.000000,0.000000,0.000000,0.000000,0.000000,0.000000,0.000000,0.000000,0.000000,0.050000,10.590000,-0.210000,1.180000,0.340000,0.100000,37.750000,-9.560000,-10.750000
1.274000,399702.000000,105.000000,2896.000000,2893.000000,1062.000000,1808.000000,2005.000000,0.000000,0.000000,0.000000,0.000000,0.000000,0.000000,0.000000,0.000000,0.000000,0.050000,10.590000,-0.210000,1.180000,0.340000,0.100000,37.750000,-9.560000,-10.750000
1.276000,399703.000000,45.000000,2918.000000,2903.000000,954.000000,1829.000000,1919.000000,0.000000,0.000000,0.000000,0.000000,0.000000,0.000000,0.000000,0.000000,0.000000,0.050000,10.590000,-0.210000,1.180000,0.340000,0.100000,37.750000,-9.560000,-10.750000
1.278000,399704.000000,39.000000,2910.000000,2884.000000,870.000000,1783.000000,1807.000000,0.000000,0.000000,0.000000,0.000000,0.000000,0.000000,0.000000,0.000000,0.000000,0.050000,10.590000,-0.210000,1.180000,0.340000,0.100000,37.750000,-9.560000,-10.750000
1.280000,399705.000000,925.000000,2858.000000,2864.000000,843.000000,1741.000000,1828.000000,0.000000,0.000000,0.000000,0.000000,0.000000,0.000000,0.000000,0.000000,0.000000,-0.560000,10.630000,-0.020000,1.280000,0.360000,0.070000,37.750000,-9.560000,-10.750000
1.282000,399706.000000,67.000000,2851.000000,2879.000000,866.000000,1734.000000,1904.000000,0.000000,0.000000,0.000000,0.000000,0.000000,0.000000,0.000000,0.000000,0.000000,-0.560000,10.630000,-0.020000,1.280000,0.360000,0.070000,37.750000,-9.560000,-10.750000
1.284000,399707.000000,34.000000,2824.000000,2848.000000,912.000000,1699.000000,1939.000000,0.000000,0.000000,0.000000,0.000000,0.000000,0.000000,0.000000,0.000000,0.000000,-0.560000,10.630000,-0.020000,1.280000,0.360000,0.070000,37.750000,-9.560000,-10.750000
1.286000,399708.000000,37.000000,2799.000000,2832.000000,935.000000,1686.000000,1968.000000,0.000000,0.000000,0.000000,0.000000,0.000000,0.000000,0.000000,0.000000,0.000000,-0.560000,10.630000,-0.020000,1.280000,0.360000,0.070000,37.750000,-9.560000,-10.750000
1.288000,399709.000000,48.000000,2778.000000,2832.000000,967.000000,1651.000000,1963.000000,0.000000,0.000000,0.000000,0.000000,0.000000,0.000000,0.000000,0.000000,0.000000,-0.560000,10.630000,-0.020000,1.280000,0.360000,0.070000,37.750000,-9.560000,-10.750000
1.290000,399710.000000,37.000000,2754.000000,2818.000000,947.000000,1632.000000,1948.000000,0.000000,0.000000,0.000000,0.000000,0.000000,0.000000,0.000000,0.000000,0.000000,-1.000000,10.720000,0.110000,1.360000,0.370000,0.020000,37.750000,-9.560000,-10.750000
1.292000,399711.000000,87.000000,2734.000000,2781.000000,1040.000000,1590.000000,2103.000000,0.000000,0.000000,0.000000,0.000000,0.000000,0.000000,0.000000,0.000000,0.000000,-1.000000,10.720000,0.110000,1.360000,0.370000,0.020000,37.750000,-9.560000,-10.750000
1.294000,399712.000000,37.000000,2730.000000,2787.000000,1062.000000,1571.000000,1998.000000,0.000000,0.000000,0.000000,0.000000,0.000000,0.000000,0.000000,0.000000,0.000000,-1.000000,10.720000,0.110000,1.360000,0.370000,0.020000,37.750000,-9.560000,-10.750000
1.296000,399713.000000,21.000000,2730.000000,2777.000000,959.000000,1535.000000,1907.000000,0.000000,0.000000,0.000000,0.000000,0.000000,0.000000,0.000000,0.000000,0.000000,-1.000000,10.720000,0.110000,1.360000,0.370000,0.020000,37.750000,-9.560000,-10.750000
1.298000,399714.000000,23.000000,2688.000000,2761.000000,885.000000,1507.000000,1808.000000,0.000000,0.000000,0.000000,0.000000,0.000000,0.000000,0.000000,0.000000,0.000000,-1.000000,10.720000,0.110000,1.360000,0.370000,0.020000,37.750000,-9.560000,-10.750000
1.300000,399715.000000,859.000000,2657.000000,2737.000000,855.000000,1488.000000,1819.000000,0.000000,0.000000,0.000000,0.000000,0.000000,0.000000,0.000000,0.000000,0.000000,-1.000000,10.720000,0.110000,1.420000,0.380000,-0.020000,37.750000,-9.560000,-10.750000
1.302000,399716.000000,39.000000,2624.000000,2688.000000,878.000000,1452.000000,1856.000000,0.000000,0.000000,0.000000,0.000000,0.000000,0.000000,0.000000,0.000000,0.000000,-1.000000,10.720000,0.110000,1.420000,0.380000,-0.020000,37.750000,-9.560000,-10.750000
1.304000,399717.000000,22.000000,2614.000000,2667.000000,944.000000,1426.000000,1899.000000,0.000000,0.000000,0.000000,0.000000,0.000000,0.000000,0.000000,0.000000,0.000000,-1.000000,10.720000,0.110000,1.420000,0.380000,-0.020000,37.750000,-9.560000,-10.750000
1.306000,399718.000000,26.000000,2559.000000,2651.000000,941.000000,1450.000000,1919.000000,0.000000,0.000000,0.000000,0.000000,0.000000,0.000000,0.000000,0.000000,0.000000,-1.000000,10.720000,0.110000,1.420000,0.380000,-0.020000,37.750000,-9.560000,-10.750000
1.308000,399719.000000,25.000000,2553.000000,2662.000000,959.000000,1408.000000,1901.000000,0.000000,0.000000,0.000000,0.000000,0.000000,0.000000,0.000000,0.000000,0.000000,-1.000000,10.720000,0.110000,1.420000,0.380000,-0.020000,37.750000,-9.560000,-10.750000
1.310000,399720.000000,832.000000,2526.000000,2523.000000,960.000000,1444.000000,1909.000000,0.000000,0.000000,0.000000,0.000000,0.000000,0.000000,0.000000,0.000000,0.000000,-1.230000,10.890000,0.090000,1.460000,0.390000,-0.080000,37.750000,-9.560000,-10.750000
1.312000,399721.000000,57.000000,2511.000000,2599.000000,1040.000000,1442.000000,2083.000000,0.000000,0.000000,0.000000,0.000000,0.000000,0.000000,0.000000,0.000000,0.000000,-1.230000,10.890000,0.090000,1.460000,0.390000,-0.080000,37.750000,-9.560000,-10.750000
1.314000,399722.000000,25.000000,2485.000000,2578.000000,1050.000000,1471.000000,1920.000000,0.000000,0.000000,0.000000,0.000000,0.000000,0.000000,0.000000,0.000000,0.000000,-1.230000,10.890000,0.090000,1.460000,0.390000,-0.080000,37.750000,-9.560000,-10.750000
1.316000,399723.000000,22.000000,2477.000000,2559.000000,978.000000,1468.000000,1843.000000,0.000000,0.000000,0.000000,0.000000,0.000000,0.000000,0.000000,0.000000,0.000000,-1.230000,10.890000,0.090000,1.460000,0.390000,-0.080000,37.750000,-9.560000,-10.750000
1.318000,399724.000000,9.000000,2455.000000,2514.000000,902.000000,1499.000000,1714.000000,0.000000,0.000000,0.000000,0.000000,0.000000,0.000000,0.000000,0.000000,0.000000,-1.230000,10.890000,0.090000,1.460000,0.390000,-0.080000,37.750000,-9.560000,-10.750000
1.320000,399725.000000,785.000000,2442.000000,2509.000000,873.000000,1479.000000,1803.000000,0.000000,0.000000,0.000000,0.000000,0.000000,0.000000,0.000000,0.000000,0.000000,-1.380000,11.120000,0.150000,1.490000,0.380000,-0.140000,37.380000,-11.380000,-9.190000
1.322000,399726.000000,32.000000,2420.000000,2457.000000,871.000000,1488.000000,1865.000000,0.000000,0.000000,0.000000,0.000000,0.000000,0.000000,0.000000,0.000000,0.000000,-1.380000,11.120000,0.150000,1.490000,0.380000,-0.140000,37.380000,-11.380000,-9.190000
1.324000,399727.000000,66.000000,2385.000000,2447.000000,935.000000,1491.000000,1903.000000,0.000000,0.000000,0.000000,0.000000,0.000000,0.000000,0.000000,0.000000,0.000000,-1.380000,11.120000,0.150000,1.490000,0.380000,-0.140000,37.380000,-11.380000,-9.190000
1.326000,399728.000000,22.000000,2354.000000,2422.000000,958.000000,1526.000000,1905.000000,0.000000,0.000000,0.000000,0.000000,0.000000,0.000000,0.000000,0.000000,0.000000,-1.380000,11.120000,0.150000,1.490000,0.380000,-0.140000,37.380000,-11.380000,-9.190000
1.328000,399729.000000,33.000000,2325.000000,2373.000000,944.000000,1557.000000,1899.000000,0.000000,0.000000,0.000000,0.000000,0.000000,0.000000,0.000000,0.000000,0.000000,-1.380000,11.120000,0.150000,1.490000,0.380000,-0.140000,37.380000,-11.380000,-9.190000
1.330000,399730.000000,775.000000,2324.000000,2352.000000,959.000000,1558.000000,1878.000000,0.000000,0.000000,0.000000,0.000000,0.000000,0.000000,0.000000,0.000000,0.000000,-1.660000,11.990000,0.150000,1.510000,0.330000,-0.190000,37.380000,-11.380000,-9.190000
1.332000,399731.000000,51.000000,2320.000000,2359.000000,1062.000000,1569.000000,2037.000000,0.000000,0.000000,0.000000,0.000000,0.000000,0.000000,0.000000,0.000000,0.000000,-1.660000,11.990000,0.150000,1.510000,0.330000,-0.190000,37.380000,-11.380000,-9.190000
1.334000,399732.000000,32.000000,2326.000000,2320.000000,1009.000000,1623.000000,1919.000000,0.000000,0.000000,0.000000,0.000000,0.000000,0.000000,0.000000,0.000000,0.000000,-1.660000,11.990000,0.150000,1.510000,0.330000,-0.190000,37.380000,-11.380000,-9.190000
1.336000,399733.000000,10.000000,2331.000000,2316.000000,960.000000,1664.000000,1840.000000,0.000000,0.000000,0.000000,0.000000,0.000000,0.000000,0.000000,0.000000,0.000000,-1.660000,11.990000,0.150000,1.510000,0.330000,-0.190000,37.380000,-11.380000,-9.190000
1.338000,399734.000000,9.000000,2329.000000,2284.000000,865.000000,1723.000000,1687.000000,0.000000,0.000000,0.000000,0.000000,0.000000,0.000000,0.000000,0.000000,0.000000,-1.660000,11.990000,0.150000,1.510000,0.330000,-0.190000,37.380000,-11.380000,-9.190000
1.340000,399735.000000,157.000000,2304.000000,2231.000000,836.000000,1758.000000,1779.000000,0.000000,0.000000,0.000000,0.000000,0.000000,0.000000,0.000000,0.000000,0.000000,-1.670000,12.300000,0.000000,1.540000,0.250000,-0.230000,37.380000,-11.380000,-9.190000
1.342000,399736.000000,16.000000,2274.000000,2171.000000,875.000000,1808.000000,1872.000000,0.000000,0.000000,0.000000,0.000000,0.000000,0.000000,0.000000,0.000000,0.000000,-1.670000,12.300000,0.000000,1.540000,0.250000,-0.230000,37.380000,-11.380000,-9.190000
1.344000,399737.000000,22.000000,2274.000000,2143.000000,907.000000,1855.000000,1882.000000,0.000000,0.000000,0.000000,0.000000,0.000000,0.000000,0.000000,0.000000,0.000000,-1.670000,12.300000,0.000000,1.540000,0.250000,-0.230000,37.380000,-11.380000,-9.190000
1.346000,399738.000000,29.000000,2263.000000,2112.000000,912.000000,1926.000000,1881.000000,0.000000,0.000000,0.000000,0.000000,0.000000,0.000000,0.000000,0.000000,0.000000,-1.670000,12.300000,0.000000,1.540000,0.250000,-0.230000,37.380000,-11.380000,-9.190000
1.348000,399739.000000,17.000000,2253.000000,2064.000000,915.000000,1978.000000,1869.000000,0.000000,0.000000,0.000000,0.000000,0.000000,0.000000,0.000000,0.000000,0.000000,-1.670000,12.300000,0.000000,1.540000,0.250000,-0.230000,37.380000,-11.380000,-9.190000
1.350000,399740.000000,752.000000,2218.000000,1983.000000,933.000000,2043.000000,1921.000000,0.000000,0.000000,0.000000,0.000000,0.000000,0.000000,0.000000,0.000000,0.000000,-1.670000,12.300000,0.000000,1.580000,0.120000,-0.250000,37.380000,-11.380000,-9.190000
1.352000,399741.000000,54.000000,2241.000000,1930.000000,1023.000000,2114.000000,2126.000000,0.000000,0.000000,0.000000,0.000000,0.000000,0.000000,0.000000,0.000000,0.000000,-1.670000,12.300000,0.000000,1.580000,0.120000,-0.250000,37.380000,-11.380000,-9.190000
1.354000,399742.000000,16.000000,2244.000000,1931.000000,974.000000,2214.000000,1919.000000,0.000000,0.000000,0.000000,0.000000,0.000000,0.000000,0.000000,0.000000,0.000000,-1.670000,12.300000,0.000000,1.580000,0.120000,-0.250000,37.380000,-11.380000,-9.190000
1.356000,399743.000000,14.000000,2239.000000,1861.000000,874.000000,2285.000000,1840.000000,0.000000,0.000000,0.000000,0.000000,0.000000,0.000000,0.000000,0.000000,0.000000,-1.670000,12.300000,0.000000,1.580000,0.120000,-0.250000,37.380000,-11.380000,-9.190000
1.358000,399744.000000,5.000000,2217.000000,1778.000000,866.000000,2350.000000,1741.000000,0.000000,0.000000,0.000000,0.000000,0.000000,0.000000,0.000000,0.000000,0.000000,-1.670000,12.300000,0.000000,1.580000,0.120000,-0.250000,37.380000,-11.380000,-9.190000
1.360000,399745.000000,701.000000,2159.000000,1775.000000,817.000000,2403.000000,1825.000000,0.000000,0.000000,0.000000,0.000000,0.000000,0.000000,0.000000,0.000000,0.000000,-1.630000,12.560000,-0.330000,1.650000,-0.030000,-0.260000,37.380000,-11.380000,-9.190000
1.362000,399746.000000,29.000000,2146.000000,1719.000000,816.000000,2499.000000,1867.000000,0.000000,0.000000,0.000000,0.000000,0.000000,0.000000,0.000000,0.000000,0.000000,-1.630000,12.560000,-0.330000,1.650000,-0.030000,-0.260000,37.380000,-11.380000,-9.190000
1.364000,399747.000000,15.000000,2113.000000,1661.000000,912.000000,2559.000000,1892.000000,0.000000,0.000000,0.000000,0.000000,0.000000,0.000000,0.000000,0.000000,0.000000,-1.630000,12.560000,-0.330000,1.650000,-0.030000,-0.260000,37.380000,-11.380000,-9.190000
1.366000,399748.000000,12.000000,2081.000000,1599.000000,894.000000,2685.000000,1973.000000,0.000000,0.000000,0.000000,0.000000,0.000000,0.000000,0.000000,0.000000,0.000000,-1.630000,12.560000,-0.330000,1.650000,-0.030000,-0.260000,37.380000,-11.380000,-9.190000
1.368000,399749.000000,18.000000,2032.000000,1535.000000,891.000000,2790.000000,1959.000000,0.000000,0.000000,0.000000,0.000000,0.000000,0.000000,0.000000,0.000000,0.000000,-1.630000,12.560000,-0.330000,1.650000,-0.030000,-0.260000,37.380000,-11.380000,-9.190000
1.370000,399750.000000,655.000000,2018.000000,1520.000000,913.000000,2854.000000,1904.000000,0.000000,0.000000,0.000000,0.000000,0.000000,0.000000,0.000000,0.000000,0.000000,-1.460000,12.780000,-0.740000,1.770000,-0.190000,-0.240000,38.880000,-12.190000,-8.750000
1.372000,399751.000000,36.000000,1939.000000,1437.000000,987.000000,2969.000000,2033.000000,0.000000,0.000000,0.000000,0.000000,0.000000,0.000000,0.000000,0.000000,0.000000,-1.460000,12.780000,-0.740000,1.770000,-0.190000,-0.240000,38.880000,-12.190000,-8.750000
1.374000,399752.000000,38.000000,1886.000000,1392.000000,967.000000,3113.000000,1894.000000,0.000000,0.000000,0.000000,0.000000,0.000000,0.000000,0.000000,0.000000,0.000000,-1.460000,12.780000,-0.740000,1.770000,-0.190000,-0.240000,38.880000,-12.190000,-8.750000
1.376000,399753.000000,11.000000,1807.000000,1344.000000,898.000000,3199.000000,1822.000000,0.000000,0.000000,0.000000,0.000000,0.000000,0.000000,0.000000,0.000000,0.000000,-1.460000,12.780000,-0.740000,1.770000,-0.190000,-0.240000,38.880000,-12.190000,-8.750000
1.378000,399754.000000,0.000000,1726.000000,1267.000000,821.000000,3343.000000,1712.000000,0.000000,0.000000,0.000000,0.000000,0.000000,0.000000,0.000000,0.000000,0.000000,-1.460000,12.780000,-0.740000,1.770000,-0.190000,-0.240000,38.880000,-12.190000,-8.750000
1.380000,399755.000000,505.000000,1664.000000,1234.000000,786.000000,3440.000000,1789.000000,0.000000,0.000000,0.000000,0.000000,0.000000,0.000000,0.000000,0.000000,0.000000,-0.850000,13.240000,-2.390000,1.940000,-0.340000,-0.210000,38.880000,-12.190000,-8.750000
1.382000,399756.000000,6.000000,1535.000000,1200.000000,837.000000,3472.000000,1882.000000,0.000000,0.000000,0.000000,0.000000,0.000000,0.000000,0.000000,0.000000,0.000000,-0.850000,13.240000,-2.390000,1.940000,-0.340000,-0.210000,38.880000,-12.190000,-8.750000
1.384000,399757.000000,1.000000,1478.000000,1174.000000,863.000000,3583.000000,1867.000000,0.000000,0.000000,0.000000,0.000000,0.000000,0.000000,0.000000,0.000000,0.000000,-0.850000,13.240000,-2.390000,1.940000,-0.340000,-0.210000,38.880000,-12.190000,-8.750000
1.386000,399758.000000,0.000000,1408.000000,1125.000000,876.000000,3703.000000,1899.000000,0.000000,0.000000,0.000000,0.000000,0.000000,0.000000,0.000000,0.000000,0.000000,-0.850000,13.240000,-2.390000,1.940000,-0.340000,-0.210000,38.880000,-12.190000,-8.750000
1.388000,399759.000000,10.000000,1335.000000,1123.000000,889.000000,3774.000000,1922.000000,0.000000,0.000000,0.000000,0.000000,0.000000,0.000000,0.000000,0.000000,0.000000,-0.850000,13.240000,-2.390000,1.940000,-0.340000,-0.210000,38.880000,-12.190000,-8.750000
1.390000,399760.000000,378.000000,1254.000000,1134.000000,880.000000,3919.000000,1941.000000,0.000000,0.000000,0.000000,0.000000,0.000000,0.000000,0.000000,0.000000,0.000000,-0.460000,13.330000,-2.960000,2.150000,-0.480000,-0.150000,38.880000,-12.190000,-8.750000
1.392000,399761.000000,18.000000,1182.000000,1117.000000,972.000000,4054.000000,1975.000000,0.000000,0.000000,0.000000,0.000000,0.000000,0.000000,0.000000,0.000000,0.000000,-0.460000,13.330000,-2.960000,2.150000,-0.480000,-0.150000,38.880000,-12.190000,-8.750000
1.394000,399762.000000,7.000000,1107.000000,1117.000000,927.000000,4095.000000,1877.000000,0.000000,0.000000,0.000000,0.000000,0.000000,0.000000,0.000000,0.000000,0.000000,-0.460000,13.330000,-2.960000,2.150000,-0.480000,-0.150000,38.880000,-12.190000,-8.750000
1.396000,399763.000000,5.000000,1039.000000,1091.000000,877.000000,4095.000000,1855.000000,0.000000,0.000000,0.000000,0.000000,0.000000,0.000000,0.000000,0.000000,0.000000,-0.460000,13.330000,-2.960000,2.150000,-0.480000,-0.150000,38.880000,-12.190000,-8.750000
1.398000,399764.000000,0.000000,976.000000,1088.000000,789.000000,4095.000000,1807.000000,0.000000,0.000000,0.000000,0.000000,0.000000,0.000000,0.000000,0.000000,0.000000,-0.460000,13.330000,-2.960000,2.150000,-0.480000,-0.150000,38.880000,-12.190000,-8.750000
1.400000,399765.000000,260.000000,951.000000,1058.000000,798.000000,4095.000000,1803.000000,0.000000,0.000000,0.000000,0.000000,0.000000,0.000000,0.000000,0.000000,0.000000,-0.460000,13.330000,-2.960000,2.340000,-0.520000,-0.090000,38.880000,-12.190000,-8.750000
1.402000,399766.000000,1.000000,916.000000,1058.000000,822.000000,4095.000000,1832.000000,0.000000,0.000000,0.000000,0.000000,0.000000,0.000000,0.000000,0.000000,0.000000,-0.460000,13.330000,-2.960000,2.340000,-0.520000,-0.090000,38.880000,-12.190000,-8.750000
1.404000,399767.000000,0.000000,882.000000,1058.000000,866.000000,4095.000000,1825.000000,0.000000,0.000000,0.000000,0.000000,0.000000,0.000000,0.000000,0.000000,0.000000,-0.460000,13.330000,-2.960000,2.340000,-0.520000,-0.090000,38.880000,-12.190000,-8.750000
1.406000,399768.000000,0.000000,912.000000,1103.000000,873.000000,4095.000000,1872.000000,0.000000,0.000000,0.000000,0.000000,0.000000,0.000000,0.000000,0.000000,0.000000,-0.460000,13.330000,-2.960000,2.340000,-0.520000,-0.090000,38.880000,-12.190000,-8.750000
1.408000,399769.000000,0.000000,881.000000,1107.000000,875.000000,4095.000000,1872.000000,0.000000,0.000000,0.000000,0.000000,0.000000,0.000000,0.000000,0.000000,0.000000,-0.460000,13.330000,-2.960000,2.340000,-0.520000,-0.090000,38.880000,-12.190000,-8.750000
1.410000,399770.000000,261.000000,882.000000,1168.000000,896.000000,4095.000000,1876.000000,0.000000,0.000000,0.000000,0.000000,0.000000,0.000000,0.000000,0.000000,0.000000,-0.830000,13.010000,-2.830000,2.470000,-0.420000,-0.050000,38.880000,-12.190000,-8.750000
1.412000,399771.000000,19.000000,902.000000,1200.000000,963.000000,4095.000000,1994.000000,0.000000,0.000000,0.000000,0.000000,0.000000,0.000000,0.000000,0.000000,0.000000,-0.830000,13.010000,-2.830000,2.470000,-0.420000,-0.050000,38.880000,-12.190000,-8.750000
1.414000,399772.000000,6.000000,955.000000,1276.000000,943.000000,4095.000000,1867.000000,0.000000,0.000000,0.000000,0.000000,0.000000,0.000000,0.000000,0.000000,0.000000,-0.830000,13.010000,-2.830000,2.470000,-0.420000,-0.050000,38.880000,-12.190000,-8.750000
1.416000,399773.000000,0.000000,955.000000,1339.000000,905.000000,4095.000000,1818.000000,0.000000,0.000000,0.000000,0.000000,0.000000,0.000000,0.000000,0.000000,0.000000,-0.830000,13.010000,-2.830000,2.470000,-0.420000,-0.050000,38.880000,-12.190000,-8.750000
1.418000,399774.000000,0.000000,995.000000,1434.000000,839.000000,4095.000000,1735.000000,0.000000,0.000000,0.000000,0.000000,0.000000,0.000000,0.000000,0.000000,0.000000,-0.830000,13.010000,-2.830000,2.470000,-0.420000,-0.050000,38.880000,-12.190000,-8.750000
1.420000,399775.000000,280.000000,1008.000000,1488.000000,842.000000,4095.000000,1807.000000,0.000000,0.000000,0.000000,0.000000,0.000000,0.000000,0.000000,0.000000,0.000000,-0.830000,13.010000,-2.830000,2.550000,-0.220000,-0.060000,38.560000,-12.500000,-5.880000
1.422000,399776.000000,3.000000,990.000000,1586.000000,874.000000,4095.000000,1867.000000,0.000000,0.000000,0.000000,0.000000,0.000000,0.000000,0.000000,0.000000,0.000000,-0.830000,13.010000,-2.830000,2.550000,-0.220000,-0.060000,38.560000,-12.500000,-5.880000
1.424000,399777.000000,6.000000,1008.000000,1649.000000,895.000000,4095.000000,1943.000000,0.000000,0.000000,0.000000,0.000000,0.000000,0.000000,0.000000,0.000000,0.000000,-0.830000,13.010000,-2.830000,2.550000,-0.220000,-0.060000,38.560000,-12.500000,-5.880000
1.426000,399778.000000,11.000000,1015.000000,1712.000000,913.000000,4095.000000,2066.000000,0.000000,0.000000,0.000000,0.000000,0.000000,0.000000,0.000000,0.000000,0.000000,-0.830000,13.010000,-2.830000,2.550000,-0.220000,-0.060000,38.560000,-12.500000,-5.880000
1.428000,399779.000000,5.000000,1045.000000,1782.000000,912.000000,4095.000000,1957.000000,0.000000,0.000000,0.000000,0.000000,0.000000,0.000000,0.000000,0.000000,0.000000,-0.830000,13.010000,-2.830000,2.550000,-0.220000,-0.060000,38.560000,-12.500000,-5.880000
1.430000,399780.000000,319.000000,1047.000000,1836.000000,912.000000,4095.000000,1970.000000,0.000000,0.000000,0.000000,0.000000,0.000000,0.000000,0.000000,0.000000,0.000000,-1.930000,12.830000,-3.240000,2.650000,-0.200000,-0.140000,38.560000,-12.500000,-5.880000
1.432000,399781.000000,25.000000,1063.000000,1851.000000,953.000000,4095.000000,2032.000000,0.000000,0.000000,0.000000,0.000000,0.000000,0.000000,0.000000,0.000000,0.000000,-1.930000,12.830000,-3.240000,2.650000,-0.200000,-0.140000,38.560000,-12.500000,-5.880000
1.434000,399782.000000,6.000000,1059.000000,1907.000000,947.000000,4095.000000,1921.000000,0.000000,0.000000,0.000000,0.000000,0.000000,0.000000,0.000000,0.000000,0.000000,-1.930000,12.830000,-3.240000,2.650000,-0.200000,-0.140000,38.560000,-12.500000,-5.880000
1.436000,399783.000000,0.000000,1045.000000,1962.000000,878.000000,4095.000000,1856.000000,0.000000,0.000000,0.000000,0.000000,0.000000,0.000000,0.000000,0.000000,0.000000,-1.930000,12.830000,-3.240000,2.650000,-0.200000,-0.140000,38.560000,-12.500000,-5.880000
1.438000,399784.000000,0.000000,998.000000,1973.000000,799.000000,4095.000000,1772.000000,0.000000,0.000000,0.000000,0.000000,0.000000,0.000000,0.000000,0.000000,0.000000,-1.930000,12.830000,-3.240000,2.650000,-0.200000,-0.140000,38.560000,-12.500000,-5.880000
1.440000,399785.000000,0.000000,974.000000,2078.000000,807.000000,4095.000000,1809.000000,0.000000,0.000000,0.000000,0.000000,0.000000,0.000000,0.000000,0.000000,0.000000,-2.070000,12.450000,-3.350000,2.810000,-0.340000,-0.220000,38.560000,-12.500000,-5.880000
1.442000,399786.000000,45.000000,941.000000,2144.000000,832.000000,4095.000000,1920.000000,0.000000,0.000000,0.000000,0.000000,0.000000,0.000000,0.000000,0.000000,0.000000,-2.070000,12.450000,-3.350000,2.810000,-0.340000,-0.220000,38.560000,-12.500000,-5.880000
1.444000,399787.000000,1.000000,912.000000,2234.000000,877.000000,4095.000000,1966.000000,0.000000,0.000000,0.000000,0.000000,0.000000,0.000000,0.000000,0.000000,0.000000,-2.070000,12.450000,-3.350000,2.810000,-0.340000,-0.220000,38.560000,-12.500000,-5.880000
1.446000,399788.000000,5.000000,840.000000,2343.000000,857.000000,4095.000000,1936.000000,0.000000,0.000000,0.000000,0.000000,0.000000,0.000000,0.000000,0.000000,0.000000,-2.070000,12.450000,-3.350000,2.810000,-0.340000,-0.220000,38.560000,-12.500000,-5.880000
1.448000,399789.000000,7.000000,831.000000,2461.000000,834.000000,4095.000000,1947.000000,0.000000,0.000000,0.000000,0.000000,0.000000,0.000000,0.000000,0.000000,0.000000,-2.070000,12.450000,-3.350000,2.810000,-0.340000,-0.220000,38.560000,-12.500000,-5.880000
1.450000,399790.000000,240.000000,809.000000,2559.000000,863.000000,4095.000000,1965.000000,0.000000,0.000000,0.000000,0.000000,0.000000,0.000000,0.000000,0.000000,0.000000,-2.070000,12.450000,-3.350000,2.960000,-0.390000,-0.240000,38.560000,-12.500000,-5.880000
1.452000,399791.000000,21.000000,747.000000,2729.000000,933.000000,4095.000000,2037.000000,0.000000,0.000000,0.000000,0.000000,0.000000,0.000000,0.000000,0.000000,0.000000,-2.070000,12.450000,-3.350000,2.960000,-0.390000,-0.240000,38.560000,-12.500000,-5.880000
1.454000,399792.000000,7.000000,692.000000,2884.000000,890.000000,4095.000000,1959.000000,0.000000,0.000000,0.000000,0.000000,0.000000,0.000000,0.000000,0.000000,0.000000,-2.070000,12.450000,-3.350000,2.960000,-0.390000,-0.240000,38.560000,-12.500000,-5.880000
1.456000,399793.000000,2.000000,656.000000,3071.000000,854.000000,4095.000000,1890.000000,0.000000,0.000000,0.000000,0.000000,0.000000,0.000000,0.000000,0.000000,0.000000,-2.070000,12.450000,-3.350000,2.960000,-0.390000,-0.240000,38.560000,-12.500000,-5.880000
1.458000,399794.000000,0.000000,589.000000,3245.000000,758.000000,4095.000000,1839.000000,0.000000,0.000000,0.000000,0.000000,0.000000,0.000000,0.000000,0.000000,0.000000,-2.070000,12.450000,-3.350000,2.960000,-0.390000,-0.240000,38.560000,-12.500000,-5.880000
1.460000,399795.000000,207.000000,547.000000,3455.000000,782.000000,4095.000000,1862.000000,0.000000,0.000000,0.000000,0.000000,0.000000,0.000000,0.000000,0.000000,0.000000,-1.610000,12.780000,-3.360000,2.980000,-0.280000,-0.230000,38.560000,-12.500000,-5.880000
1.462000,399796.000000,11.000000,470.000000,3670.000000,806.000000,4095.000000,1982.000000,0.000000,0.000000,0.000000,0.000000,0.000000,0.000000,0.000000,0.000000,0.000000,-1.610000,12.780000,-3.360000,2.980000,-0.280000,-0.230000,38.560000,-12.500000,-5.880000
1.464000,399797.000000,4.000000,368.000000,3914.000000,834.000000,4095.000000,1965.000000,0.000000,0.000000,0.000000,0.000000,0.000000,0.000000,0.000000,0.000000,0.000000,-1.610000,12.780000,-3.360000,2.980000,-0.280000,-0.230000,38.560000,-12.500000,-5.880000
1.466000,399798.000000,5.000000,256.000000,4095.000000,841.000000,4095.000000,1994.000000,0.000000,0.000000,0.000000,0.000000,0.000000,0.000000,0.000000,0.000000,0.000000,-1.610000,12.780000,-3.360000,2.980000,-0.280000,-0.230000,38.560000,-12.500000,-5.880000
1.468000,399799.000000,6.000000,193.000000,4095.000000,827.000000,4095.000000,1984.000000,0.000000,0.000000,0.000000,0.000000,0.000000,0.000000,0.000000,0.000000,0.000000,-1.610000,12.780000,-3.360000,2.980000,-0.280000,-0.230000,38.560000,-12.500000,-5.880000
1.470000,399800.000000,266.000000,112.000000,4095.000000,842.000000,4095.000000,1984.000000,0.000000,0.000000,0.000000,0.000000,0.000000,0.000000,0.000000,0.000000,0.000000,-1.060000,13.120000,-3.250000,2.900000,-0.060000,-0.190000,37.750000,-12.190000,-5.880000
1.472000,399801.000000,24.000000,14.000000,4095.000000,897.000000,4095.000000,2066.000000,0.000000,0.000000,0.000000,0.000000,0.000000,0.000000,0.000000,0.000000,0.000000,-1.060000,13.120000,-3.250000,2.900000,-0.060000,-0.190000,37.750000,-12.190000,-5.880000
1.474000,399802.000000,4.000000,0.000000,4095.000000,830.000000,4095.000000,1971.000000,0.000000,0.000000,0.000000,0.000000,0.000000,0.000000,0.000000,0.000000,0.000000,-1.060000,13.120000,-3.250000,2.900000,-0.060000,-0.190000,37.750000,-12.190000,-5.880000
1.476000,399803.000000,0.000000,0.000000,4095.000000,794.000000,4095.000000,1920.000000,0.000000,0.000000,0.000000,0.000000,0.000000,0.000000,0.000000,0.000000,0.000000,-1.060000,13.120000,-3.250000,2.900000,-0.060000,-0.190000,37.750000,-12.190000,-5.880000
1.478000,399804.000000,0.000000,0.000000,4095.000000,745.000000,4095.000000,1861.000000,0.000000,0.000000,0.000000,0.000000,0.000000,0.000000,0.000000,0.000000,0.000000,-1.060000,13.120000,-3.250000,2.900000,-0.060000,-0.190000,37.750000,-12.190000,-5.880000
1.480000,399805.000000,188.000000,0.000000,4095.000000,739.000000,4095.000000,1889.000000,0.000000,0.000000,0.000000,0.000000,0.000000,0.000000,0.000000,0.000000,0.000000,-0.450000,13.020000,-2.820000,2.840000,0.160000,-0.100000,37.750000,-12.190000,-5.880000
1.482000,399806.000000,0.000000,0.000000,4095.000000,733.000000,4095.000000,1968.000000,0.000000,0.000000,0.000000,0.000000,0.000000,0.000000,0.000000,0.000000,0.000000,-0.450000,13.020000,-2.820000,2.840000,0.160000,-0.100000,37.750000,-12.190000,-5.880000
1.484000,399807.000000,2.000000,0.000000,4095.000000,781.000000,4095.000000,1942.000000,0.000000,0.000000,0.000000,0.000000,0.000000,0.000000,0.000000,0.000000,0.000000,-0.450000,13.020000,-2.820000,2.840000,0.160000,-0.100000,37.750000,-12.190000,-5.880000
1.486000,399808.000000,0.000000,0.000000,4095.000000,791.000000,4095.000000,1969.000000,0.000000,0.000000,0.000000,0.000000,0.000000,0.000000,0.000000,0.000000,0.000000,-0.450000,13.020000,-2.820000,2.840000,0.160000,-0.100000,37.750000,-12.190000,-5.880000
1.488000,399809.000000,3.000000,0.000000,4095.000000,784.000000,4095.000000,1954.000000,0.000000,0.000000,0.000000,0.000000,0.000000,0.000000,0.000000,0.000000,0.000000,-0.450000,13.020000,-2.820000,2.840000,0.160000,-0.100000,37.750000,-12.190000,-5.880000
1.490000,399810.000000,12.000000,0.000000,4095.000000,814.000000,4095.000000,2000.000000,0.000000,0.000000,0.000000,0.000000,0.000000,0.000000,0.000000,0.000000,0.000000,-0.420000,11.240000,-1.780000,2.780000,0.330000,0.000000,37.750000,-12.190000,-5.880000
1.492000,399811.000000,10.000000,0.000000,4095.000000,871.000000,4095.000000,2066.000000,0.000000,0.000000,0.000000,0.000000,0.000000,0.000000,0.000000,0.000000,0.000000,-0.420000,11.240000,-1.780000,2.780000,0.330000,0.000000,37.750000,-12.190000,-5.880000
1.494000,399812.000000,1.000000,0.000000,4095.000000,835.000000,4095.000000,1936.000000,0.000000,0.000000,0.000000,0.000000,0.000000,0.000000,0.000000,0.000000,0.000000,-0.420000,11.240000,-1.780000,2.780000,0.330000,0.000000,37.750000,-12.190000,-5.880000
1.496000,399813.000000,0.000000,0.000000,4095.000000,786.000000,4095.000000,1895.000000,0.000000,0.000000,0.000000,0.000000,0.000000,0.000000,0.000000,0.000000,0.000000,-0.420000,11.240000,-1.780000,2.780000,0.330000,0.000000,37.750000,-12.190000,-5.880000
1.498000,399814.000000,0.000000,0.000000,4095.000000,735.000000,4095.000000,1840.000000,0.000000,0.000000,0.000000,0.000000,0.000000,0.000000,0.000000,0.000000,0.000000,-0.420000,11.240000,-1.780000,2.780000,0.330000,0.000000,37.750000,-12.190000,-5.880000
1.500000,399815.000000,246.000000,0.000000,4095.000000,816.000000,4095.000000,1863.000000,0.000000,0.000000,0.000000,0.000000,0.000000,0.000000,0.000000,0.000000,0.000000,-0.780000,10.350000,-0.750000,2.700000,0.450000,0.060000,37.750000,-12.190000,-5.880000
1.502000,399816.000000,11.000000,53.000000,4095.000000,785.000000,4095.000000,1984.000000,0.000000,0.000000,0.000000,0.000000,0.000000,0.000000,0.000000,0.000000,0.000000,-0.780000,10.350000,-0.750000,2.700000,0.450000,0.060000,37.750000,-12.190000,-5.880000
1.504000,399817.000000,2.000000,80.000000,4095.000000,827.000000,4095.000000,1990.000000,0.000000,0.000000,0.000000,0.000000,0.000000,0.000000,0.000000,0.000000,0.000000,-0.780000,10.350000,-0.750000,2.700000,0.450000,0.060000,37.750000,-12.190000,-5.880000
1.506000,399818.000000,0.000000,175.000000,4095.000000,837.000000,4095.000000,1993.000000,0.000000,0.000000,0.000000,0.000000,0.000000,0.000000,0.000000,0.000000,0.000000,-0.780000,10.350000,-0.750000,2.700000,0.450000,0.060000,37.750000,-12.190000,-5.880000
1.508000,399819.000000,6.000000,240.000000,4095.000000,843.000000,4095.000000,1982.000000,0.000000,0.000000,0.000000,0.000000,0.000000,0.000000,0.000000,0.000000,0.000000,-0.780000,10.350000,-0.750000,2.700000,0.450000,0.060000,37.750000,-12.190000,-5.880000
1.510000,399820.000000,271.000000,322.000000,4095.000000,848.000000,4095.000000,2013.000000,0.000000,0.000000,0.000000,0.000000,0.000000,0.000000,0.000000,0.000000,0.000000,-1.050000,10.010000,0.310000,2.570000,0.460000,0.090000,37.750000,-12.190000,-5.880000
1.512000,399821.000000,23.000000,371.000000,4095.000000,925.000000,4095.000000,2073.000000,0.000000,0.000000,0.000000,0.000000,0.000000,0.000000,0.000000,0.000000,0.000000,-1.050000,10.010000,0.310000,2.570000,0.460000,0.090000,37.750000,-12.190000,-5.880000
1.514000,399822.000000,1.000000,432.000000,4015.000000,887.000000,4095.000000,1946.000000,0.000000,0.000000,0.000000,0.000000,0.000000,0.000000,0.000000,0.000000,0.000000,-1.050000,10.010000,0.310000,2.570000,0.460000,0.090000,37.750000,-12.190000,-5.880000
1.516000,399823.000000,4.000000,465.000000,3899.000000,871.000000,4095.000000,1921.000000,0.000000,0.000000,0.000000,0.000000,0.000000,0.000000,0.000000,0.000000,0.000000,-1.050000,10.010000,0.310000,2.570000,0.460000,0.090000,37.750000,-12.190000,-5.880000
1.518000,399824.000000,0.000000,507.000000,3854.000000,782.000000,4095.000000,1866.000000,0.000000,0.000000,0.000000,0.000000,0.000000,0.000000,0.000000,0.000000,0.000000,-1.050000,10.010000,0.310000,2.570000,0.460000,0.090000,37.750000,-12.190000,-5.880000
1.520000,399825.000000,4.000000,511.000000,3730.000000,815.000000,4095.000000,1878.000000,0.000000,0.000000,0.000000,0.000000,0.000000,0.000000,0.000000,0.000000,0.000000,-1.390000,10.070000,0.770000,2.450000,0.240000,0.080000,37.060000,-12.880000,-4.560000
1.522000,399826.000000,3.000000,562.000000,3617.000000,848.000000,4095.000000,1967.000000,0.000000,0.000000,0.000000,0.000000,0.000000,0.000000,0.000000,0.000000,0.000000,-1.390000,10.070000,0.770000,2.450000,0.240000,0.080000,37.060000,-12.880000,-4.560000
1.524000,399827.000000,16.000000,576.000000,3493.000000,906.000000,3996.000000,1963.000000,0.000000,0.000000,0.000000,0.000000,0.000000,0.000000,0.000000,0.000000,0.000000,-1.390000,10.070000,0.770000,2.450000,0.240000,0.080000,37.060000,-12.880000,-4.560000
1.526000,399828.000000,10.000000,592.000000,3383.000000,907.000000,3775.000000,1947.000000,0.000000,0.000000,0.000000,0.000000,0.000000,0.000000,0.000000,0.000000,0.000000,-1.390000,10.070000,0.770000,2.450000,0.240000,0.080000,37.060000,-12.880000,-4.560000
1.528000,399829.000000,7.000000,626.000000,3287.000000,924.000000,3601.000000,1935.000000,0.000000,0.000000,0.000000,0.000000,0.000000,0.000000,0.000000,0.000000,0.000000,-1.390000,10.070000,0.770000,2.450000,0.240000,0.080000,37.060000,-12.880000,-4.560000
1.530000,399830.000000,229.000000,633.000000,3197.000000,914.000000,3454.000000,2000.000000,0.000000,0.000000,0.000000,0.000000,0.000000,0.000000,0.000000,0.000000,0.000000,-1.390000,10.560000,-0.270000,2.400000,-0.140000,0.040000,37.060000,-12.880000,-4.560000
1.532000,399831.000000,20.000000,696.000000,3088.000000,1005.000000,3347.000000,2012.000000,0.000000,0.000000,0.000000,0.000000,0.000000,0.000000,0.000000,0.000000,0.000000,-1.390000,10.560000,-0.270000,2.400000,-0.140000,0.040000,37.060000,-12.880000,-4.560000
1.534000,399832.000000,6.000000,873.000000,3023.000000,947.000000,3267.000000,1900.000000,0.000000,0.000000,0.000000,0.000000,0.000000,0.000000,0.000000,0.000000,0.000000,-1.390000,10.560000,-0.270000,2.400000,-0.140000,0.040000,37.060000,-12.880000,-4.560000
1.536000,399833.000000,0.000000,1085.000000,2923.000000,900.000000,3179.000000,1833.000000,0.000000,0.000000,0.000000,0.000000,0.000000,0.000000,0.000000,0.000000,0.000000,-1.390000,10.560000,-0.270000,2.400000,-0.140000,0.040000,37.060000,-12.880000,-4.560000
1.538000,399834.000000,0.000000,1242.000000,2830.000000,860.000000,3101.000000,1823.000000,0.000000,0.000000,0.000000,0.000000,0.000000,0.000000,0.000000,0.000000,0.000000,-1.390000,10.560000,-0.270000,2.400000,-0.140000,0.040000,37.060000,-12.880000,-4.560000
1.540000,399835.000000,74.000000,1167.000000,2730.000000,851.000000,3056.000000,1794.000000,0.000000,0.000000,0.000000,0.000000,0.000000,0.000000,0.000000,0.000000,0.000000,-1.370000,10.250000,-1.140000,2.450000,-0.540000,-0.020000,37.060000,-12.880000,-4.560000
1.542000,399836.000000,0.000000,821.000000,2646.000000,892.000000,3036.000000,1877.000000,0.000000,0.000000,0.000000,0.000000,0.000000,0.000000,0.000000,0.000000,0.000000,-1.370000,10.250000,-1.140000,2.450000,-0.540000,-0.020000,37.060000,-12.880000,-4.560000
1.544000,399837.000000,1.000000,789.000000,2518.000000,930.000000,2961.000000,1869.000000,0.000000,0.000000,0.000000,0.000000,0.000000,0.000000,0.000000,0.000000,0.000000,-1.370000,10.250000,-1.140000,2.450000,-0.540000,-0.020000,37.060000,-12.880000,-4.560000
1.546000,399838.000000,0.000000,802.000000,2431.000000,915.000000,2944.000000,1879.000000,0.000000,0.000000,0.000000,0.000000,0.000000,0.000000,0.000000,0.000000,0.000000,-1.370000,10.250000,-1.140000,2.450000,-0.540000,-0.020000,37.060000,-12.880000,-4.560000
1.548000,399839.000000,0.000000,865.000000,2335.000000,914.000000,2853.000000,1885.000000,0.000000,0.000000,0.000000,0.000000,0.000000,0.000000,0.000000,0.000000,0.000000,-1.370000,10.250000,-1.140000,2.450000,-0.540000,-0.020000,37.060000,-12.880000,-4.560000
1.550000,399840.000000,269.000000,914.000000,2265.000000,931.000000,2837.000000,1910.000000,0.000000,0.000000,0.000000,0.000000,0.000000,0.000000,0.000000,0.000000,0.000000,-1.320000,9.850000,-2.030000,2.580000,-0.820000,-0.080000,37.060000,-12.880000,-4.560000
1.552000,399841.000000,16.000000,962.000000,2162.000000,971.000000,2745.000000,1935.000000,0.000000,0.000000,0.000000,0.000000,0.000000,0.000000,0.000000,0.000000,0.000000,-1.320000,9.850000,-2.030000,2.580000,-0.820000,-0.080000,37.060000,-12.880000,-4.560000
1.554000,399842.000000,1.000000,1040.000000,2103.000000,927.000000,2717.000000,1837.000000,0.000000,0.000000,0.000000,0.000000,0.000000,0.000000,0.000000,0.000000,0.000000,-1.320000,9.850000,-2.030000,2.580000,-0.820000,-0.080000,37.060000,-12.880000,-4.560000
1.556000,399843.000000,0.000000,1085.000000,2043.000000,879.000000,2669.000000,1744.000000,0.000000,0.000000,0.000000,0.000000,0.000000,0.000000,0.000000,0.000000,0.000000,-1.320000,9.850000,-2.030000,2.580000,-0.820000,-0.080000,37.060000,-12.880000,-4.560000
1.558000,399844.000000,0.000000,1136.000000,1994.000000,831.000000,2625.000000,1741.000000,0.000000,0.000000,0.000000,0.000000,0.000000,0.000000,0.000000,0.000000,0.000000,-1.320000,9.850000,-2.030000,2.580000,-0.820000,-0.080000,37.060000,-12.880000,-4.560000
1.560000,399845.000000,331.000000,1168.000000,1936.000000,832.000000,2544.000000,1726.000000,0.000000,0.000000,0.000000,0.000000,0.000000,0.000000,0.000000,0.000000,0.000000,-1.130000,9.760000,-2.780000,2.670000,-0.890000,-0.120000,37.060000,-12.880000,-4.560000
1.562000,399846.000000,6.000000,1205.000000,1919.000000,847.000000,2525.000000,1840.000000,0.000000,0.000000,0.000000,0.000000,0.000000,0.000000,0.000000,0.000000,0.000000,-1.130000,9.760000,-2.780000,2.670000,-0.890000,-0.120000,37.060000,-12.880000,-4.560000
1.564000,399847.000000,0.000000,1236.000000,1845.000000,869.000000,2449.000000,1828.000000,0.000000,0.000000,0.000000,0.000000,0.000000,0.000000,0.000000,0.000000,0.000000,-1.130000,9.760000,-2.780000,2.670000,-0.890000,-0.120000,37.060000,-12.880000,-4.560000
1.566000,399848.000000,0.000000,1290.000000,1803.000000,894.000000,2435.000000,1836.000000,0.000000,0.000000,0.000000,0.000000,0.000000,0.000000,0.000000,0.000000,0.000000,-1.130000,9.760000,-2.780000,2.670000,-0.890000,-0.120000,37.060000,-12.880000,-4.560000
1.568000,399849.000000,0.000000,1328.000000,1778.000000,866.000000,2432.000000,1854.000000,0.000000,0.000000,0.000000,0.000000,0.000000,0.000000,0.000000,0.000000,0.000000,-1.130000,9.760000,-2.780000,2.670000,-0.890000,-0.120000,37.060000,-12.880000,-4.560000
1.570000,399850.000000,54.000000,1342.000000,1764.000000,899.000000,2380.000000,1909.000000,0.000000,0.000000,0.000000,0.000000,0.000000,0.000000,0.000000,0.000000,0.000000,-1.380000,9.730000,-3.250000,2.710000,-0.870000,-0.140000,36.380000,-13.190000,-2.560000
1.572000,399851.000000,7.000000,1355.000000,1755.000000,955.000000,2375.000000,1893.000000,0.000000,0.000000,0.000000,0.000000,0.000000,0.000000,0.000000,0.000000,0.000000,-1.380000,9.730000,-3.250000,2.710000,-0.870000,-0.140000,36.380000,-13.190000,-2.560000
1.574000,399852.000000,0.000000,1386.000000,1749.000000,884.000000,2335.000000,1808.000000,0.000000,0.000000,0.000000,0.000000,0.000000,0.000000,0.000000,0.000000,0.000000,-1.380000,9.730000,-3.250000,2.710000,-0.870000,-0.140000,36.380000,-13.190000,-2.560000
1.576000,399853.000000,0.000000,1387.000000,1736.000000,826.000000,2315.000000,1731.000000,0.000000,0.000000,0.000000,0.000000,0.000000,0.000000,0.000000,0.000000,0.000000,-1.380000,9.730000,-3.250000,2.710000,-0.870000,-0.140000,36.380000,-13.190000,-2.560000
1.578000,399854.000000,0.000000,1411.000000,1705.000000,773.000000,2240.000000,1714.000000,0.000000,0.000000,0.000000,0.000000,0.000000,0.000000,0.000000,0.000000,0.000000,-1.380000,9.730000,-3.250000,2.710000,-0.870000,-0.140000,36.380000,-13.190000,-2.560000
1.580000,399855.000000,414.000000,1438.000000,1734.000000,783.000000,2239.000000,1709.000000,0.000000,0.000000,0.000000,0.000000,0.000000,0.000000,0.000000,0.000000,0.000000,-1.970000,9.820000,-3.840000,2.680000,-0.910000,-0.180000,36.380000,-13.190000,-2.560000
1.582000,399856.000000,9.000000,1438.000000,1680.000000,803.000000,2224.000000,1841.000000,0.000000,0.000000,0.000000,0.000000,0.000000,0.000000,0.000000,0.000000,0.000000,-1.970000,9.820000,-3.840000,2.680000,-0.910000,-0.180000,36.380000,-13.190000,-2.560000
1.584000,399857.000000,0.000000,1450.000000,1683.000000,833.000000,2201.000000,1808.000000,0.000000,0.000000,0.000000,0.000000,0.000000,0.000000,0.000000,0.000000,0.000000,-1.970000,9.820000,-3.840000,2.680000,-0.910000,-0.180000,36.380000,-13.190000,-2.560000
1.586000,399858.000000,0.000000,1458.000000,1724.000000,821.000000,2163.000000,1811.000000,0.000000,0.000000,0.000000,0.000000,0.000000,0.000000,0.000000,0.000000,0.000000,-1.970000,9.820000,-3.840000,2.680000,-0.910000,-0.180000,36.380000,-13.190000,-2.560000
1.588000,399859.000000,0.000000,1482.000000,1712.000000,817.000000,2127.000000,1808.000000,0.000000,0.000000,0.000000,0.000000,0.000000,0.000000,0.000000,0.000000,0.000000,-1.970000,9.820000,-3.840000,2.680000,-0.910000,-0.180000,36.380000,-13.190000,-2.560000
1.590000,399860.000000,67.000000,1468.000000,1746.000000,827.000000,2097.000000,1901.000000,0.000000,0.000000,0.000000,0.000000,0.000000,0.000000,0.000000,0.000000,0.000000,-2.730000,9.900000,-4.340000,2.660000,-0.910000,-0.240000,36.380000,-13.190000,-2.560000
1.592000,399861.000000,3.000000,1483.000000,1761.000000,866.000000,2077.000000,1885.000000,0.000000,0.000000,0.000000,0.000000,0.000000,0.000000,0.000000,0.000000,0.000000,-2.730000,9.900000,-4.340000,2.660000,-0.910000,-0.240000,36.380000,-13.190000,-2.560000
1.594000,399862.000000,2.000000,1517.000000,1773.000000,824.000000,2054.000000,1792.000000,0.000000,0.000000,0.000000,0.000000,0.000000,0.000000,0.000000,0.000000,0.000000,-2.730000,9.900000,-4.340000,2.660000,-0.910000,-0.240000,36.380000,-13.190000,-2.560000
1.596000,399863.000000,0.000000,1567.000000,1757.000000,777.000000,2025.000000,1711.000000,0.000000,0.000000,0.000000,0.000000,0.000000,0.000000,0.000000,0.000000,0.000000,-2.730000,9.900000,-4.340000,2.660000,-0.910000,-0.240000,36.380000,-13.190000,-2.560000
1.598000,399864.000000,0.000000,1593.000000,1783.000000,710.000000,1995.000000,1712.000000,0.000000,0.000000,0.000000,0.000000,0.000000,0.000000,0.000000,0.000000,0.000000,-2.730000,9.900000,-4.340000,2.660000,-0.910000,-0.240000,36.380000,-13.190000,-2.560000
1.600000,399865.000000,476.000000,1606.000000,1783.000000,721.000000,1986.000000,1726.000000,0.000000,0.000000,0.000000,0.000000,0.000000,0.000000,0.000000,0.000000,0.000000,-3.410000,9.720000,-4.810000,2.660000,-0.860000,-0.290000,36.380000,-13.190000,-2.560000
1.602000,399866.000000,13.000000,1648.000000,1775.000000,752.000000,1936.000000,1840.000000,0.000000,0.000000,0.000000,0.000000,0.000000,0.000000,0.000000,0.000000,0.000000,-3.410000,9.720000,-4.810000,2.660000,-0.860000,-0.290000,36.380000,-13.190000,-2.560000
1.604000,399867.000000,3.000000,1669.000000,1747.000000,759.000000,1904.000000,1803.000000,0.000000,0.000000,0.000000,0.000000,0.000000,0.000000,0.000000,0.000000,0.000000,-3.410000,9.720000,-4.810000,2.660000,-0.860000,-0.290000,36.380000,-13.190000,-2.560000
1.606000,399868.000000,5.000000,1714.000000,1751.000000,766.000000,1872.000000,1823.000000,0.000000,0.000000,0.000000,0.000000,0.000000,0.000000,0.000000,0.000000,0.000000,-3.410000,9.720000,-4.810000,2.660000,-0.860000,-0.290000,36.380000,-13.190000,-2.560000
1.608000,399869.000000,0.000000,1701.000000,1730.000000,749.000000,1825.000000,1840.000000,0.000000,0.000000,0.000000,0.000000,0.000000,0.000000,0.000000,0.000000,0.000000,-3.410000,9.720000,-4.810000,2.660000,-0.860000,-0.290000,36.380000,-13.190000,-2.560000
1.610000,399870.000000,40.000000,1760.000000,1732.000000,810.000000,1834.000000,1885.000000,0.000000,0.000000,0.000000,0.000000,0.000000,0.000000,0.000000,0.000000,0.000000,-4.000000,9.150000,-5.260000,2.650000,-0.730000,-0.320000,36.380000,-13.190000,-2.560000
1.612000,399871.000000,12.000000,1776.000000,1719.000000,807.000000,1793.000000,1872.000000,0.000000,0.000000,0.000000,0.000000,0.000000,0.000000,0.000000,0.000000,0.000000,-4.000000,9.150000,-5.260000,2.650000,-0.730000,-0.320000,36.380000,-13.190000,-2.560000
1.614000,399872.000000,0.000000,1783.000000,1706.000000,755.000000,1778.000000,1782.000000,0.000000,0.000000,0.000000,0.000000,0.000000,0.000000,0.000000,0.000000,0.000000,-4.000000,9.150000,-5.260000,2.650000,-0.730000,-0.320000,36.380000,-13.190000,-2.560000
1.616000,399873.000000,0.000000,1771.000000,1665.000000,704.000000,1735.000000,1699.000000,0.000000,0.000000,0.000000,0.000000,0.000000,0.000000,0.000000,0.000000,0.000000,-4.000000,9.150000,-5.260000,2.650000,-0.730000,-0.320000,36.380000,-13.190000,-2.560000
1.618000,399874.000000,0.000000,1723.000000,1634.000000,639.000000,1744.000000,1686.000000,0.000000,0.000000,0.000000,0.000000,0.000000,0.000000,0.000000,0.000000,0.000000,-4.000000,9.150000,-5.260000,2.650000,-0.730000,-0.320000,36.380000,-13.190000,-2.560000
1.620000,399875.000000,527.000000,1717.000000,1633.000000,653.000000,1714.000000,1649.000000,0.000000,0.000000,0.000000,0.000000,0.000000,0.000000,0.000000,0.000000,0.000000,-4.000000,9.150000,-5.260000,2.610000,-0.540000,-0.320000,35.250000,-13.690000,-1.380000
1.622000,399876.000000,11.000000,1696.000000,1614.000000,690.000000,1729.000000,1815.000000,0.000000,0.000000,0.000000,0.000000,0.000000,0.000000,0.000000,0.000000,0.000000,-4.000000,9.150000,-5.260000,2.610000,-0.540000,-0.320000,35.250000,-13.690000,-1.380000
1.624000,399877.000000,7.000000,1709.000000,1568.000000,720.000000,1723.000000,1824.000000,0.000000,0.000000,0.000000,0.000000,0.000000,0.000000,0.000000,0.000000,0.000000,-4.000000,9.150000,-5.260000,2.610000,-0.540000,-0.320000,35.250000,-13.690000,-1.380000
1.626000,399878.000000,0.000000,1714.000000,1533.000000,735.000000,1735.000000,1794.000000,0.000000,0.000000,0.000000,0.000000,0.000000,0.000000,0.000000,0.000000,0.000000,-4.000000,9.150000,-5.260000,2.610000,-0.540000,-0.320000,35.250000,-13.690000,-1.380000
1.628000,399879.000000,0.000000,1734.000000,1514.000000,765.000000,1726.000000,1776.000000,0.000000,0.000000,0.000000,0.000000,0.000000,0.000000,0.000000,0.000000,0.000000,-4.000000,9.150000,-5.260000,2.610000,-0.540000,-0.320000,35.250000,-13.690000,-1.380000
1.630000,399880.000000,554.000000,1731.000000,1488.000000,738.000000,1707.000000,1891.000000,0.000000,0.000000,0.000000,0.000000,0.000000,0.000000,0.000000,0.000000,0.000000,-3.750000,8.940000,-5.110000,2.550000,-0.280000,-0.290000,35.250000,-13.690000,-1.380000
1.632000,399881.000000,17.000000,1774.000000,1475.000000,791.000000,1713.000000,1856.000000,0.000000,0.000000,0.000000,0.000000,0.000000,0.000000,0.000000,0.000000,0.000000,-3.750000,8.940000,-5.110000,2.550000,-0.280000,-0.290000,35.250000,-13.690000,-1.380000
1.634000,399882.000000,1.000000,1767.000000,1468.000000,738.000000,1702.000000,1759.000000,0.000000,0.000000,0.000000,0.000000,0.000000,0.000000,0.000000,0.000000,0.000000,-3.750000,8.940000,-5.110000,2.550000,-0.280000,-0.290000,35.250000,-13.690000,-1.380000
1.636000,399883.000000,0.000000,1727.000000,1430.000000,720.000000,1711.000000,1673.000000,0.000000,0.000000,0.000000,0.000000,0.000000,0.000000,0.000000,0.000000,0.000000,-3.750000,8.940000,-5.110000,2.550000,-0.280000,-0.290000,35.250000,-13.690000,-1.380000
1.638000,399884.000000,0.000000,1716.000000,1423.000000,673.000000,1695.000000,1700.000000,0.000000,0.000000,0.000000,0.000000,0.000000,0.000000,0.000000,0.000000,0.000000,-3.750000,8.940000,-5.110000,2.550000,-0.280000,-0.290000,35.250000,-13.690000,-1.380000
1.640000,399885.000000,59.000000,1691.000000,1392.000000,688.000000,1697.000000,1714.000000,0.000000,0.000000,0.000000,0.000000,0.000000,0.000000,0.000000,0.000000,0.000000,-3.160000,9.020000,-5.010000,2.490000,-0.070000,-0.230000,35.250000,-13.690000,-1.380000
1.642000,399886.000000,4.000000,1722.000000,1335.000000,718.000000,1667.000000,1792.000000,0.000000,0.000000,0.000000,0.000000,0.000000,0.000000,0.000000,0.000000,0.000000,-3.160000,9.020000,-5.010000,2.490000,-0.070000,-0.230000,35.250000,-13.690000,-1.380000
1.644000,399887.000000,0.000000,1707.000000,1330.000000,751.000000,1643.000000,1793.000000,0.000000,0.000000,0.000000,0.000000,0.000000,0.000000,0.000000,0.000000,0.000000,-3.160000,9.020000,-5.010000,2.490000,-0.070000,-0.230000,35.250000,-13.690000,-1.380000
1.646000,399888.000000,0.000000,1750.000000,1323.000000,773.000000,1620.000000,1790.000000,0.000000,0.000000,0.000000,0.000000,0.000000,0.000000,0.000000,0.000000,0.000000,-3.160000,9.020000,-5.010000,2.490000,-0.070000,-0.230000,35.250000,-13.690000,-1.380000
1.648000,399889.000000,0.000000,1761.000000,1270.000000,778.000000,1589.000000,1806.000000,0.000000,0.000000,0.000000,0.000000,0.000000,0.000000,0.000000,0.000000,0.000000,-3.160000,9.020000,-5.010000,2.490000,-0.070000,-0.230000,35.250000,-13.690000,-1.380000
1.650000,399890.000000,560.000000,1747.000000,1281.000000,789.000000,1571.000000,1857.000000,0.000000,0.000000,0.000000,0.000000,0.000000,0.000000,0.000000,0.000000,0.000000,-2.970000,9.060000,-5.020000,2.460000,0.090000,-0.180000,35.250000,-13.690000,-1.380000
1.652000,399891.000000,16.000000,1792.000000,1267.000000,836.000000,1568.000000,1811.000000,0.000000,0.000000,0.000000,0.000000,0.000000,0.000000,0.000000,0.000000,0.000000,-2.970000,9.060000,-5.020000,2.460000,0.090000,-0.180000,35.250000,-13.690000,-1.380000
1.654000,399892.000000,3.000000,1813.000000,1245.000000,797.000000,1559.000000,1761.000000,0.000000,0.000000,0.000000,0.000000,0.000000,0.000000,0.000000,0.000000,0.000000,-2.970000,9.060000,-5.020000,2.460000,0.090000,-0.180000,35.250000,-13.690000,-1.380000
1.656000,399893.000000,0.000000,1803.000000,1233.000000,755.000000,1535.000000,1648.000000,0.000000,0.000000,0.000000,0.000000,0.000000,0.000000,0.000000,0.000000,0.000000,-2.970000,9.060000,-5.020000,2.460000,0.090000,-0.180000,35.250000,-13.690000,-1.380000
1.658000,399894.000000,0.000000,1776.000000,1187.000000,723.000000,1521.000000,1693.000000,0.000000,0.000000,0.000000,0.000000,0.000000,0.000000,0.000000,0.000000,0.000000,-2.970000,9.060000,-5.020000,2.460000,0.090000,-0.180000,35.250000,-13.690000,-1.380000
1.660000,399895.000000,0.000000,1746.000000,1184.000000,721.000000,1523.000000,1723.000000,0.000000,0.000000,0.000000,0.000000,0.000000,0.000000,0.000000,0.000000,0.000000,-2.740000,8.830000,-4.980000,2.450000,0.210000,-0.150000,35.250000,-13.690000,-1.380000
1.662000,399896.000000,16.000000,1751.000000,1154.000000,772.000000,1497.000000,1791.000000,0.000000,0.000000,0.000000,0.000000,0.000000,0.000000,0.000000,0.000000,0.000000,-2.740000,8.830000,-4.980000,2.450000,0.210000,-0.150000,35.250000,-13.690000,-1.380000
1.664000,399897.000000,0.000000,1759.000000,1152.000000,789.000000,1504.000000,1757.000000,0.000000,0.000000,0.000000,0.000000,0.000000,0.000000,0.000000,0.000000,0.000000,-2.740000,8.830000,-4.980000,2.450000,0.210000,-0.150000,35.250000,-13.690000,-1.380000
1.666000,399898.000000,0.000000,1733.000000,1119.000000,789.000000,1522.000000,1758.000000,0.000000,0.000000,0.000000,0.000000,0.000000,0.000000,0.000000,0.000000,0.000000,-2.740000,8.830000,-4.980000,2.450000,0.210000,-0.150000,35.250000,-13.690000,-1.380000
1.668000,399899.000000,7.000000,1744.000000,1109.000000,784.000000,1481.000000,1780.000000,0.000000,0.000000,0.000000,0.000000,0.000000,0.000000,0.000000,0.000000,0.000000,-2.740000,8.830000,-4.980000,2.450000,0.210000,-0.150000,35.250000,-13.690000,-1.380000
1.670000,399900.000000,551.000000,1735.000000,1092.000000,830.000000,1478.000000,1849.000000,0.000000,0.000000,0.000000,0.000000,0.000000,0.000000,0.000000,0.000000,0.000000,-2.520000,8.590000,-5.000000,2.450000,0.280000,-0.120000,35.250000,-13.190000,-0.560000
1.672000,399901.000000,13.000000,1746.000000,1073.000000,866.000000,1520.000000,1794.000000,0.000000,0.000000,0.000000,0.000000,0.000000,0.000000,0.000000,0.000000,0.000000,-2.520000,8.590000,-5.000000,2.450000,0.280000,-0.120000,35.250000,-13.190000,-0.560000
1.674000,399902.000000,0.000000,1714.000000,1068.000000,785.000000,1496.000000,1731.000000,0.000000,0.000000,0.000000,0.000000,0.000000,0.000000,0.000000,0.000000,0.000000,-2.520000,8.590000,-5.000000,2.450000,0.280000,-0.120000,35.250000,-13.190000,-0.560000
1.676000,399903.000000,0.000000,1654.000000,1043.000000,738.000000,1476.000000,1655.000000,0.000000,0.000000,0.000000,0.000000,0.000000,0.000000,0.000000,0.000000,0.000000,-2.520000,8.590000,-5.000000,2.450000,0.280000,-0.120000,35.250000,-13.190000,-0.560000
1.678000,399904.000000,0.000000,791.000000,1043.000000,719.000000,1513.000000,1618.000000,0.000000,0.000000,0.000000,0.000000,0.000000,0.000000,0.000000,0.000000,0.000000,-2.520000,8.590000,-5.000000,2.450000,0.280000,-0.120000,35.250000,-13.190000,-0.560000
1.680000,399905.000000,155.000000,439.000000,976.000000,722.000000,1518.000000,1584.000000,0.000000,0.000000,0.000000,0.000000,0.000000,0.000000,0.000000,0.000000,0.000000,-1.820000,8.550000,-5.430000,2.450000,0.290000,-0.100000,35.250000,-13.190000,-0.560000
1.682000,399906.000000,0.000000,352.000000,980.000000,756.000000,1472.000000,1705.000000,0.000000,0.000000,0.000000,0.000000,0.000000,0.000000,0.000000,0.000000,0.000000,-1.820000,8.550000,-5.430000,2.450000,0.290000,-0.100000,35.250000,-13.190000,-0.560000
1.684000,399907.000000,0.000000,336.000000,961.000000,771.000000,1478.000000,1697.000000,0.000000,0.000000,0.000000,0.000000,0.000000,0.000000,0.000000,0.000000,0.000000,-1.820000,8.550000,-5.430000,2.450000,0.290000,-0.100000,35.250000,-13.190000,-0.560000
1.686000,399908.000000,0.000000,365.000000,923.000000,751.000000,1457.000000,1691.000000,0.000000,0.000000,0.000000,0.000000,0.000000,0.000000,0.000000,0.000000,0.000000,-1.820000,8.550000,-5.430000,2.450000,0.290000,-0.100000,35.250000,-13.190000,-0.560000
1.688000,399909.000000,0.000000,405.000000,889.000000,752.000000,1442.000000,1653.000000,0.000000,0.000000,0.000000,0.000000,0.000000,0.000000,0.000000,0.000000,0.000000,-1.820000,8.550000,-5.430000,2.450000,0.290000,-0.100000,35.250000,-13.190000,-0.560000
1.690000,399910.000000,234.000000,433.000000,869.000000,791.000000,1443.000000,1728.000000,0.000000,0.000000,0.000000,0.000000,0.000000,0.000000,0.000000,0.000000,0.000000,-1.320000,8.550000,-5.920000,2.440000,0.320000,-0.080000,35.250000,-13.190000,-0.560000
1.692000,399911.000000,0.000000,453.000000,832.000000,811.000000,1408.000000,1712.000000,0.000000,0.000000,0.000000,0.000000,0.000000,0.000000,0.000000,0.000000,0.000000,-1.320000,8.550000,-5.920000,2.440000,0.320000,-0.080000,35.250000,-13.190000,-0.560000
1.694000,399912.000000,0.000000,485.000000,811.000000,752.000000,1426.000000,1629.000000,0.000000,0.000000,0.000000,0.000000,0.000000,0.000000,0.000000,0.000000,0.000000,-1.320000,8.550000,-5.920000,2.440000,0.320000,-0.080000,35.250000,-13.190000,-0.560000
1.696000,399913.000000,0.000000,495.000000,823.000000,706.000000,1414.000000,1565.000000,0.000000,0.000000,0.000000,0.000000,0.000000,0.000000,0.000000,0.000000,0.000000,-1.320000,8.550000,-5.920000,2.440000,0.320000,-0.080000,35.250000,-13.190000,-0.560000
1.698000,399914.000000,0.000000,560.000000,796.000000,683.000000,1423.000000,1595.000000,0.000000,0.000000,0.000000,0.000000,0.000000,0.000000,0.000000,0.000000,0.000000,-1.320000,8.550000,-5.920000,2.440000,0.320000,-0.080000,35.250000,-13.190000,-0.560000
1.700000,399915.000000,22.000000,570.000000,762.000000,667.000000,1408.000000,1631.000000,0.000000,0.000000,0.000000,0.000000,0.000000,0.000000,0.000000,0.000000,0.000000,-0.850000,8.530000,-6.100000,2.460000,0.320000,-0.060000,35.250000,-13.190000,-0.560000
1.702000,399916.000000,0.000000,569.000000,752.000000,727.000000,1399.000000,1680.000000,0.000000,0.000000,0.000000,0.000000,0.000000,0.000000,0.000000,0.000000,0.000000,-0.850000,8.530000,-6.100000,2.460000,0.320000,-0.060000,35.250000,-13.190000,-0.560000
1.704000,399917.000000,0.000000,582.000000,727.000000,735.000000,1371.000000,1676.000000,0.000000,0.000000,0.000000,0.000000,0.000000,0.000000,0.000000,0.000000,0.000000,-0.850000,8.530000,-6.100000,2.460000,0.320000,-0.060000,35.250000,-13.190000,-0.560000
1.706000,399918.000000,0.000000,618.000000,731.000000,720.000000,1385.000000,1680.000000,0.000000,0.000000,0.000000,0.000000,0.000000,0.000000,0.000000,0.000000,0.000000,-0.850000,8.530000,-6.100000,2.460000,0.320000,-0.060000,35.250000,-13.190000,-0.560000
1.708000,399919.000000,0.000000,654.000000,733.000000,752.000000,1390.000000,1673.000000,0.000000,0.000000,0.000000,0.000000,0.000000,0.000000,0.000000,0.000000,0.000000,-0.850000,8.530000,-6.100000,2.460000,0.320000,-0.060000,35.250000,-13.190000,-0.560000
1.710000,399920.000000,210.000000,670.000000,699.000000,802.000000,1402.000000,1758.000000,0.000000,0.000000,0.000000,0.000000,0.000000,0.000000,0.000000,0.000000,0.000000,-0.410000,8.360000,-6.070000,2.480000,0.240000,-0.050000,35.250000,-13.190000,-0.560000
1.712000,399921.000000,0.000000,702.000000,704.000000,809.000000,1405.000000,1733.000000,0.000000,0.000000,0.000000,0.000000,0.000000,0.000000,0.000000,0.000000,0.000000,-0.410000,8.360000,-6.070000,2.480000,0.240000,-0.050000,35.250000,-13.190000,-0.560000
1.714000,399922.000000,0.000000,738.000000,710.000000,738.000000,1409.000000,1626.000000,0.000000,0.000000,0.000000,0.000000,0.000000,0.000000,0.000000,0.000000,0.000000,-0.410000,8.360000,-6.070000,2.480000,0.240000,-0.050000,35.250000,-13.190000,-0.560000
1.716000,399923.000000,0.000000,753.000000,667.000000,716.000000,1395.000000,1582.000000,0.000000,0.000000,0.000000,0.000000,0.000000,0.000000,0.000000,0.000000,0.000000,-0.410000,8.360000,-6.070000,2.480000,0.240000,-0.050000,35.250000,-13.190000,-0.560000
1.718000,399924.000000,0.000000,784.000000,687.000000,663.000000,1407.000000,1607.000000,0.000000,0.000000,0.000000,0.000000,0.000000,0.000000,0.000000,0.000000,0.000000,-0.410000,8.360000,-6.070000,2.480000,0.240000,-0.050000,35.250000,-13.190000,-0.560000
1.720000,399925.000000,202.000000,793.000000,671.000000,677.000000,1408.000000,1616.000000,0.000000,0.000000,0.000000,0.000000,0.000000,0.000000,0.000000,0.000000,0.000000,-0.070000,8.080000,-5.960000,2.480000,0.040000,-0.030000,35.250000,-13.000000,-0.560000
1.722000,399926.000000,0.000000,833.000000,653.000000,720.000000,1424.000000,1707.000000,0.000000,0.000000,0.000000,0.000000,0.000000,0.000000,0.000000,0.000000,0.000000,-0.070000,8.080000,-5.960000,2.480000,0.040000,-0.030000,35.250000,-13.000000,-0.560000
1.724000,399927.000000,0.000000,848.000000,651.000000,746.000000,1410.000000,1717.000000,0.000000,0.000000,0.000000,0.000000,0.000000,0.000000,0.000000,0.000000,0.000000,-0.070000,8.080000,-5.960000,2.480000,0.040000,-0.030000,35.250000,-13.000000,-0.560000
1.726000,399928.000000,0.000000,883.000000,648.000000,743.000000,1442.000000,1687.000000,0.000000,0.000000,0.000000,0.000000,0.000000,0.000000,0.000000,0.000000,0.000000,-0.070000,8.080000,-5.960000,2.480000,0.040000,-0.030000,35.250000,-13.000000,-0.560000
1.728000,399929.000000,0.000000,919.000000,624.000000,753.000000,1445.000000,1685.000000,0.000000,0.000000,0.000000,0.000000,0.000000,0.000000,0.000000,0.000000,0.000000,-0.070000,8.080000,-5.960000,2.480000,0.040000,-0.030000,35.250000,-13.000000,-0.560000
1.730000,399930.000000,276.000000,940.000000,625.000000,811.000000,1449.000000,1771.000000,0.000000,0.000000,0.000000,0.000000,0.000000,0.000000,0.000000,0.000000,0.000000,0.110000,7.840000,-5.900000,2.490000,-0.220000,-0.030000,35.250000,-13.000000,-0.560000
1.732000,399931.000000,0.000000,987.000000,584.000000,826.000000,1499.000000,1712.000000,0.000000,0.000000,0.000000,0.000000,0.000000,0.000000,0.000000,0.000000,0.000000,0.110000,7.840000,-5.900000,2.490000,-0.220000,-0.030000,35.250000,-13.000000,-0.560000
1.734000,399932.000000,0.000000,995.000000,604.000000,773.000000,1504.000000,1652.000000,0.000000,0.000000,0.000000,0.000000,0.000000,0.000000,0.000000,0.000000,0.000000,0.110000,7.840000,-5.900000,2.490000,-0.220000,-0.030000,35.250000,-13.000000,-0.560000
1.736000,399933.000000,0.000000,1040.000000,601.000000,716.000000,1488.000000,1558.000000,0.000000,0.000000,0.000000,0.000000,0.000000,0.000000,0.000000,0.000000,0.000000,0.110000,7.840000,-5.900000,2.490000,-0.220000,-0.030000,35.250000,-13.000000,-0.560000
1.738000,399934.000000,0.000000,1050.000000,574.000000,701.000000,1482.000000,1616.000000,0.000000,0.000000,0.000000,0.000000,0.000000,0.000000,0.000000,0.000000,0.000000,0.110000,7.840000,-5.900000,2.490000,-0.220000,-0.030000,35.250000,-13.000000,-0.560000
1.740000,399935.000000,293.000000,1082.000000,574.000000,703.000000,1518.000000,1632.000000,0.000000,0.000000,0.000000,0.000000,0.000000,0.000000,0.000000,0.000000,0.000000,0.230000,7.630000,-5.830000,2.480000,-0.460000,-0.030000,35.250000,-13.000000,-0.560000
1.742000,399936.000000,0.000000,1084.000000,540.000000,743.000000,1493.000000,1701.000000,0.000000,0.000000,0.000000,0.000000,0.000000,0.000000,0.000000,0.000000,0.000000,0.230000,7.630000,-5.830000,2.480000,-0.460000,-0.030000,35.250000,-13.000000,-0.560000
1.744000,399937.000000,0.000000,1119.000000,492.000000,759.000000,1499.000000,1673.000000,0.000000,0.000000,0.000000,0.000000,0.000000,0.000000,0.000000,0.000000,0.000000,0.230000,7.630000,-5.830000,2.480000,-0.460000,-0.030000,35.250000,-13.000000,-0.560000
1.746000,399938.000000,0.000000,1128.000000,508.000000,752.000000,1494.000000,1682.000000,0.000000,0.000000,0.000000,0.000000,0.000000,0.000000,0.000000,0.000000,0.000000,0.230000,7.630000,-5.830000,2.480000,-0.460000,-0.030000,35.250000,-13.000000,-0.560000
1.748000,399939.000000,0.000000,1120.000000,485.000000,735.000000,1486.000000,1710.000000,0.000000,0.000000,0.000000,0.000000,0.000000,0.000000,0.000000,0.000000,0.000000,0.230000,7.630000,-5.830000,2.480000,-0.460000,-0.030000,35.250000,-13.000000,-0.560000
1.750000,399940.000000,0.000000,1104.000000,464.000000,816.000000,1453.000000,1769.000000,0.000000,0.000000,0.000000,0.000000,0.000000,0.000000,0.000000,0.000000,0.000000,0.270000,7.510000,-5.820000,2.470000,-0.660000,-0.040000,35.250000,-13.000000,-0.560000
1.752000,399941.000000,0.000000,1152.000000,478.000000,814.000000,1457.000000,1713.000000,0.000000,0.000000,0.000000,0.000000,0.000000,0.000000,0.000000,0.000000,0.000000,0.270000,7.510000,-5.820000,2.470000,-0.660000,-0.040000,35.250000,-13.000000,-0.560000
1.754000,399942.000000,0.000000,1131.000000,437.000000,770.000000,1413.000000,1647.000000,0.000000,0.000000,0.000000,0.000000,0.000000,0.000000,0.000000,0.000000,0.000000,0.270000,7.510000,-5.820000,2.470000,-0.660000,-0.040000,35.250000,-13.000000,-0.560000
1.756000,399943.000000,0.000000,1097.000000,422.000000,694.000000,1406.000000,1584.000000,0.000000,0.000000,0.000000,0.000000,0.000000,0.000000,0.000000,0.000000,0.000000,0.270000,7.510000,-5.820000,2.470000,-0.660000,-0.040000,35.250000,-13.000000,-0.560000
1.758000,399944.000000,0.000000,1090.000000,432.000000,687.000000,1358.000000,1616.000000,0.000000,0.000000,0.000000,0.000000,0.000000,0.000000,0.000000,0.000000,0.000000,0.270000,7.510000,-5.820000,2.470000,-0.660000,-0.040000,35.250000,-13.000000,-0.560000
1.760000,399945.000000,295.000000,1093.000000,400.000000,675.000000,1340.000000,1635.000000,0.000000,0.000000,0.000000,0.000000,0.000000,0.000000,0.000000,0.000000,0.000000,-0.170000,6.940000,-6.040000,2.440000,-0.780000,-0.050000,35.250000,-13.000000,-0.560000
1.762000,399946.000000,0.000000,1072.000000,383.000000,716.000000,1327.000000,1692.000000,0.000000,0.000000,0.000000,0.000000,0.000000,0.000000,0.000000,0.000000,0.000000,-0.170000,6.940000,-6.040000,2.440000,-0.780000,-0.050000,35.250000,-13.000000,-0.560000
1.764000,399947.000000,0.000000,1049.000000,345.000000,736.000000,1316.000000,1683.000000,0.000000,0.000000,0.000000,0.000000,0.000000,0.000000,0.000000,0.000000,0.000000,-0.170000,6.940000,-6.040000,2.440000,-0.780000,-0.050000,35.250000,-13.000000,-0.560000
1.766000,399948.000000,0.000000,1008.000000,304.000000,733.000000,1319.000000,1680.000000,0.000000,0.000000,0.000000,0.000000,0.000000,0.000000,0.000000,0.000000,0.000000,-0.170000,6.940000,-6.040000,2.440000,-0.780000,-0.050000,35.250000,-13.000000,-0.560000
1.768000,399949.000000,0.000000,994.000000,269.000000,742.000000,1305.000000,1645.000000,0.000000,0.000000,0.000000,0.000000,0.000000,0.000000,0.000000,0.000000,0.000000,-0.170000,6.940000,-6.040000,2.440000,-0.780000,-0.050000,35.250000,-13.000000,-0.560000
1.770000,399950.000000,273.000000,976.000000,220.000000,798.000000,1283.000000,1714.000000,0.000000,0.000000,0.000000,0.000000,0.000000,0.000000,0.000000,0.000000,0.000000,-0.670000,6.640000,-6.170000,2.400000,-0.880000,-0.070000,34.190000,-12.250000,2.690000
1.772000,399951.000000,0.000000,968.000000,176.000000,797.000000,1299.000000,1658.000000,0.000000,0.000000,0.000000,0.000000,0.000000,0.000000,0.000000,0.000000,0.000000,-0.670000,6.640000,-6.170000,2.400000,-0.880000,-0.070000,34.190000,-12.250000,2.690000
1.774000,399952.000000,0.000000,941.000000,163.000000,742.000000,1290.000000,1609.000000,0.000000,0.000000,0.000000,0.000000,0.000000,0.000000,0.000000,0.000000,0.000000,-0.670000,6.640000,-6.170000,2.400000,-0.880000,-0.070000,34.190000,-12.250000,2.690000
1.776000,399953.000000,0.000000,912.000000,110.000000,699.000000,1296.000000,1525.000000,0.000000,0.000000,0.000000,0.000000,0.000000,0.000000,0.000000,0.000000,0.000000,-0.670000,6.640000,-6.170000,2.400000,-0.880000,-0.070000,34.190000,-12.250000,2.690000
1.778000,399954.000000,0.000000,915.000000,57.000000,701.000000,1271.000000,1578.000000,0.000000,0.000000,0.000000,0.000000,0.000000,0.000000,0.000000,0.000000,0.000000,-0.670000,6.640000,-6.170000,2.400000,-0.880000,-0.070000,34.190000,-12.250000,2.690000
1.780000,399955.000000,235.000000,862.000000,32.000000,679.000000,1279.000000,1615.000000,0.000000,0.000000,0.000000,0.000000,0.000000,0.000000,0.000000,0.000000,0.000000,-1.080000,6.650000,-6.350000,2.400000,-0.880000,-0.070000,34.190000,-12.250000,2.690000
1.782000,399956.000000,0.000000,870.000000,0.000000,733.000000,1267.000000,1664.000000,0.000000,0.000000,0.000000,0.000000,0.000000,0.000000,0.000000,0.000000,0.000000,-1.080000,6.650000,-6.350000,2.400000,-0.880000,-0.070000,34.190000,-12.250000,2.690000
1.784000,399957.000000,0.000000,864.000000,0.000000,725.000000,1282.000000,1643.000000,0.000000,0.000000,0.000000,0.000000,0.000000,0.000000,0.000000,0.000000,0.000000,-1.080000,6.650000,-6.350000,2.400000,-0.880000,-0.070000,34.190000,-12.250000,2.690000
1.786000,399958.000000,0.000000,837.000000,0.000000,734.000000,1289.000000,1635.000000,0.000000,0.000000,0.000000,0.000000,0.000000,0.000000,0.000000,0.000000,0.000000,-1.080000,6.650000,-6.350000,2.400000,-0.880000,-0.070000,34.190000,-12.250000,2.690000
1.788000,399959.000000,0.000000,842.000000,0.000000,751.000000,1291.000000,1628.000000,0.000000,0.000000,0.000000,0.000000,0.000000,0.000000,0.000000,0.000000,0.000000,-1.080000,6.650000,-6.350000,2.400000,-0.880000,-0.070000,34.190000,-12.250000,2.690000
1.790000,399960.000000,0.000000,818.000000,0.000000,788.000000,1314.000000,1680.000000,0.000000,0.000000,0.000000,0.000000,0.000000,0.000000,0.000000,0.000000,0.000000,-1.810000,6.530000,-6.440000,2.370000,-0.940000,-0.080000,34.190000,-12.250000,2.690000
1.792000,399961.000000,0.000000,822.000000,0.000000,782.000000,1301.000000,1659.000000,0.000000,0.000000,0.000000,0.000000,0.000000,0.000000,0.000000,0.000000,0.000000,-1.810000,6.530000,-6.440000,2.370000,-0.940000,-0.080000,34.190000,-12.250000,2.690000
1.794000,399962.000000,0.000000,785.000000,0.000000,751.000000,1301.000000,1595.000000,0.000000,0.000000,0.000000,0.000000,0.000000,0.000000,0.000000,0.000000,0.000000,-1.810000,6.530000,-6.440000,2.370000,-0.940000,-0.080000,34.190000,-12.250000,2.690000
1.796000,399963.000000,0.000000,760.000000,0.000000,697.000000,1318.000000,1501.000000,0.000000,0.000000,0.000000,0.000000,0.000000,0.000000,0.000000,0.000000,0.000000,-1.810000,6.530000,-6.440000,2.370000,-0.940000,-0.080000,34.190000,-12.250000,2.690000
1.798000,399964.000000,0.000000,769.000000,0.000000,667.000000,1323.000000,1535.000000,0.000000,0.000000,0.000000,0.000000,0.000000,0.000000,0.000000,0.000000,0.000000,-1.810000,6.530000,-6.440000,2.370000,-0.940000,-0.080000,34.190000,-12.250000,2.690000
1.800000,399965.000000,196.000000,755.000000,0.000000,670.000000,1298.000000,1574.000000,0.000000,0.000000,0.000000,0.000000,0.000000,0.000000,0.000000,0.000000,0.000000,-2.270000,6.540000,-6.530000,2.350000,-0.940000,-0.070000,34.190000,-12.250000,2.690000
1.802000,399966.000000,0.000000,758.000000,0.000000,704.000000,1328.000000,1645.000000,0.000000,0.000000,0.000000,0.000000,0.000000,0.000000,0.000000,0.000000,0.000000,-2.270000,6.540000,-6.530000,2.350000,-0.940000,-0.070000,34.190000,-12.250000,2.690000
1.804000,399967.000000,0.000000,784.000000,0.000000,737.000000,1311.000000,1655.000000,0.000000,0.000000,0.000000,0.000000,0.000000,0.000000,0.000000,0.000000,0.000000,-2.270000,6.540000,-6.530000,2.350000,-0.940000,-0.070000,34.190000,-12.250000,2.690000
1.806000,399968.000000,0.000000,801.000000,0.000000,720.000000,1328.000000,1648.000000,0.000000,0.000000,0.000000,0.000000,0.000000,0.000000,0.000000,0.000000,0.000000,-2.270000,6.540000,-6.530000,2.350000,-0.940000,-0.070000,34.190000,-12.250000,2.690000
1.808000,399969.000000,0.000000,791.000000,0.000000,755.000000,1328.000000,1614.000000,0.000000,0.000000,0.000000,0.000000,0.000000,0.000000,0.000000,0.000000,0.000000,-2.270000,6.540000,-6.530000,2.350000,-0.940000,-0.070000,34.190000,-12.250000,2.690000
1.810000,399970.000000,235.000000,810.000000,0.000000,808.000000,1310.000000,1698.000000,0.000000,0.000000,0.000000,0.000000,0.000000,0.000000,0.000000,0.000000,0.000000,-2.470000,6.390000,-6.510000,2.350000,-0.940000,-0.090000,34.190000,-12.250000,2.690000
1.812000,399971.000000,0.000000,835.000000,0.000000,790.000000,1318.000000,1637.000000,0.000000,0.000000,0.000000,0.000000,0.000000,0.000000,0.000000,0.000000,0.000000,-2.470000,6.390000,-6.510000,2.350000,-0.940000,-0.090000,34.190000,-12.250000,2.690000
1.814000,399972.000000,0.000000,875.000000,0.000000,761.000000,1286.000000,1598.000000,0.000000,0.000000,0.000000,0.000000,0.000000,0.000000,0.000000,0.000000,0.000000,-2.470000,6.390000,-6.510000,2.350000,-0.940000,-0.090000,34.190000,-12.250000,2.690000
1.816000,399973.000000,0.000000,881.000000,0.000000,724.000000,1289.000000,1498.000000,0.000000,0.000000,0.000000,0.000000,0.000000,0.000000,0.000000,0.000000,0.000000,-2.470000,6.390000,-6.510000,2.350000,-0.940000,-0.090000,34.190000,-12.250000,2.690000
1.818000,399974.000000,0.000000,901.000000,0.000000,704.000000,1259.000000,1576.000000,0.000000,0.000000,0.000000,0.000000,0.000000,0.000000,0.000000,0.000000,0.000000,-2.470000,6.390000,-6.510000,2.350000,-0.940000,-0.090000,34.190000,-12.250000,2.690000
1.820000,399975.000000,247.000000,945.000000,0.000000,720.000000,1261.000000,1575.000000,0.000000,0.000000,0.000000,0.000000,0.000000,0.000000,0.000000,0.000000,0.000000,-2.710000,6.160000,-6.380000,2.380000,-0.870000,-0.110000,34.560000,-11.500000,1.500000
1.822000,399976.000000,0.000000,896.000000,0.000000,770.000000,1258.000000,1650.000000,0.000000,0.000000,0.000000,0.000000,0.000000,0.000000,0.000000,0.000000,0.000000,-2.710000,6.160000,-6.380000,2.380000,-0.870000,-0.110000,34.560000,-11.500000,1.500000
1.824000,399977.000000,0.000000,895.000000,0.000000,789.000000,1230.000000,1649.000000,0.000000,0.000000,0.000000,0.000000,0.000000,0.000000,0.000000,0.000000,0.000000,-2.710000,6.160000,-6.380000,2.380000,-0.870000,-0.110000,34.560000,-11.500000,1.500000
1.826000,399978.000000,0.000000,895.000000,0.000000,793.000000,1237.000000,1645.000000,0.000000,0.000000,0.000000,0.000000,0.000000,0.000000,0.000000,0.000000,0.000000,-2.710000,6.160000,-6.380000,2.380000,-0.870000,-0.110000,34.560000,-11.500000,1.500000
1.828000,399979.000000,0.000000,1012.000000,0.000000,801.000000,1216.000000,1637.000000,0.000000,0.000000,0.000000,0.000000,0.000000,0.000000,0.000000,0.000000,0.000000,-2.710000,6.160000,-6.380000,2.380000,-0.870000,-0.110000,34.560000,-11.500000,1.500000
1.830000,399980.000000,336.000000,1149.000000,0.000000,850.000000,1237.000000,1733.000000,0.000000,0.000000,0.000000,0.000000,0.000000,0.000000,0.000000,0.000000,0.000000,-2.860000,5.280000,-6.150000,2.380000,-0.870000,-0.110000,34.560000,-11.500000,1.500000
1.832000,399981.000000,0.000000,1333.000000,0.000000,855.000000,1203.000000,1647.000000,0.000000,0.000000,0.000000,0.000000,0.000000,0.000000,0.000000,0.000000,0.000000,-2.860000,5.280000,-6.150000,2.380000,-0.870000,-0.110000,34.560000,-11.500000,1.500000
1.834000,399982.000000,0.000000,1392.000000,0.000000,798.000000,1191.000000,1619.000000,0.000000,0.000000,0.000000,0.000000,0.000000,0.000000,0.000000,0.000000,0.000000,-2.860000,5.280000,-6.150000,2.380000,-0.870000,-0.110000,34.560000,-11.500000,1.500000
1.836000,399983.000000,0.000000,1458.000000,0.000000,742.000000,1195.000000,1535.000000,0.000000,0.000000,0.000000,0.000000,0.000000,0.000000,0.000000,0.000000,0.000000,-2.860000,5.280000,-6.150000,2.380000,-0.870000,-0.110000,34.560000,-11.500000,1.500000
1.838000,399984.000000,0.000000,1472.000000,0.000000,734.000000,1181.000000,1618.000000,0.000000,0.000000,0.000000,0.000000,0.000000,0.000000,0.000000,0.000000,0.000000,-2.860000,5.280000,-6.150000,2.380000,-0.870000,-0.110000,34.560000,-11.500000,1.500000
1.840000,399985.000000,50.000000,1488.000000,0.000000,727.000000,1168.000000,1625.000000,0.000000,0.000000,0.000000,0.000000,0.000000,0.000000,0.000000,0.000000,0.000000,-2.920000,4.930000,-6.220000,2.390000,-0.580000,-0.170000,34.560000,-11.500000,1.500000
1.842000,399986.000000,0.000000,1519.000000,0.000000,779.000000,1152.000000,1674.000000,0.000000,0.000000,0.000000,0.000000,0.000000,0.000000,0.000000,0.000000,0.000000,-2.920000,4.930000,-6.220000,2.390000,-0.580000,-0.170000,34.560000,-11.500000,1.500000
1.844000,399987.000000,0.000000,1515.000000,0.000000,784.000000,1136.000000,1665.000000,0.000000,0.000000,0.000000,0.000000,0.000000,0.000000,0.000000,0.000000,0.000000,-2.920000,4.930000,-6.220000,2.390000,-0.580000,-0.170000,34.560000,-11.500000,1.500000
1.846000,399988.000000,0.000000,1529.000000,0.000000,796.000000,1162.000000,1659.000000,0.000000,0.000000,0.000000,0.000000,0.000000,0.000000,0.000000,0.000000,0.000000,-2.920000,4.930000,-6.220000,2.390000,-0.580000,-0.170000,34.560000,-11.500000,1.500000
1.848000,399989.000000,0.000000,1523.000000,0.000000,785.000000,1165.000000,1683.000000,0.000000,0.000000,0.000000,0.000000,0.000000,0.000000,0.000000,0.000000,0.000000,-2.920000,4.930000,-6.220000,2.390000,-0.580000,-0.170000,34.560000,-11.500000,1.500000
1.850000,399990.000000,481.000000,1566.000000,0.000000,833.000000,1145.000000,1725.000000,0.000000,0.000000,0.000000,0.000000,0.000000,0.000000,0.000000,0.000000,0.000000,-2.870000,4.710000,-6.320000,2.360000,-0.500000,-0.200000,34.560000,-11.500000,1.500000
1.852000,399991.000000,3.000000,1570.000000,0.000000,847.000000,1135.000000,1675.000000,0.000000,0.000000,0.000000,0.000000,0.000000,0.000000,0.000000,0.000000,0.000000,-2.870000,4.710000,-6.320000,2.360000,-0.500000,-0.200000,34.560000,-11.500000,1.500000
1.854000,399992.000000,0.000000,1585.000000,0.000000,786.000000,1149.000000,1643.000000,0.000000,0.000000,0.000000,0.000000,0.000000,0.000000,0.000000,0.000000,0.000000,-2.870000,4.710000,-6.320000,2.360000,-0.500000,-0.200000,34.560000,-11.500000,1.500000
1.856000,399993.000000,0.000000,1579.000000,0.000000,739.000000,1153.000000,1535.000000,0.000000,0.000000,0.000000,0.000000,0.000000,0.000000,0.000000,0.000000,0.000000,-2.870000,4.710000,-6.320000,2.360000,-0.500000,-0.200000,34.560000,-11.500000,1.500000
1.858000,399994.000000,0.000000,1520.000000,0.000000,730.000000,1155.000000,1615.000000,0.000000,0.000000,0.000000,0.000000,0.000000,0.000000,0.000000,0.000000,0.000000,-2.870000,4.710000,-6.320000,2.360000,-0.500000,-0.200000,34.560000,-11.500000,1.500000
1.860000,399995.000000,453.000000,1533.000000,0.000000,727.000000,1123.000000,1633.000000,0.000000,0.000000,0.000000,0.000000,0.000000,0.000000,0.000000,0.000000,0.000000,-2.900000,4.480000,-6.500000,2.290000,-0.450000,-0.200000,34.560000,-11.500000,1.500000
1.862000,399996.000000,0.000000,1554.000000,0.000000,772.000000,1141.000000,1657.000000,0.000000,0.000000,0.000000,0.000000,0.000000,0.000000,0.000000,0.000000,0.000000,-2.900000,4.480000,-6.500000,2.290000,-0.450000,-0.200000,34.560000,-11.500000,1.500000
1.864000,399997.000000,0.000000,742.000000,0.000000,786.000000,1194.000000,1606.000000,0.000000,0.000000,0.000000,0.000000,0.000000,0.000000,0.000000,0.000000,0.000000,-2.900000,4.480000,-6.500000,2.290000,-0.450000,-0.200000,34.560000,-11.500000,1.500000
1.866000,399998.000000,0.000000,343.000000,0.000000,784.000000,1159.000000,1615.000000,0.000000,0.000000,0.000000,0.000000,0.000000,0.000000,0.000000,0.000000,0.000000,-2.900000,4.480000,-6.500000,2.290000,-0.450000,-0.200000,34.560000,-11.500000,1.500000
1.868000,399999.000000,0.000000,527.000000,0.000000,797.000000,1168.000000,1616.000000,0.000000,0.000000,0.000000,0.000000,0.000000,0.000000,0.000000,0.000000,0.000000,-2.900000,4.480000,-6.500000,2.290000,-0.450000,-0.200000,34.560000,-11.500000,1.500000
1.870000,400000.000000,232.000000,757.000000,0.000000,820.000000,1147.000000,1671.000000,0.000000,0.000000,0.000000,0.000000,0.000000,0.000000,0.000000,0.000000,0.000000,-2.680000,4.390000,-6.970000,2.200000,-0.390000,-0.190000,33.750000,-11.750000,2.750000
1.872000,400001.000000,0.000000,998.000000,0.000000,820.000000,1144.000000,1624.000000,0.000000,0.000000,0.000000,0.000000,0.000000,0.000000,0.000000,0.000000,0.000000,-2.680000,4.390000,-6.970000,2.200000,-0.390000,-0.190000,33.750000,-11.750000,2.750000
1.874000,400002.000000,0.000000,1178.000000,0.000000,794.000000,1137.000000,1600.000000,0.000000,0.000000,0.000000,0.000000,0.000000,0.000000,0.000000,0.000000,0.000000,-2.680000,4.390000,-6.970000,2.200000,-0.390000,-0.190000,33.750000,-11.750000,2.750000
1.876000,400003.000000,0.000000,1262.000000,0.000000,731.000000,1143.000000,1511.000000,0.000000,0.000000,0.000000,0.000000,0.000000,0.000000,0.000000,0.000000,0.000000,-2.680000,4.390000,-6.970000,2.200000,-0.390000,-0.190000,33.750000,-11.750000,2.750000
1.878000,400004.000000,0.000000,1206.000000,0.000000,719.000000,1154.000000,1607.000000,0.000000,0.000000,0.000000,0.000000,0.000000,0.000000,0.000000,0.000000,0.000000,-2.680000,4.390000,-6.970000,2.200000,-0.390000,-0.190000,33.750000,-11.750000,2.750000
1.880000,400005.000000,368.000000,1297.000000,0.000000,731.000000,1179.000000,1622.000000,0.000000,0.000000,0.000000,0.000000,0.000000,0.000000,0.000000,0.000000,0.000000,-2.720000,4.160000,-6.920000,2.200000,-0.390000,-0.190000,33.750000,-11.750000,2.750000
1.882000,400006.000000,5.000000,1389.000000,0.000000,810.000000,1174.000000,1679.000000,0.000000,0.000000,0.000000,0.000000,0.000000,0.000000,0.000000,0.000000,0.000000,-2.720000,4.160000,-6.920000,2.200000,-0.390000,-0.190000,33.750000,-11.750000,2.750000
1.884000,400007.000000,0.000000,1470.000000,0.000000,797.000000,1195.000000,1663.000000,0.000000,0.000000,0.000000,0.000000,0.000000,0.000000,0.000000,0.000000,0.000000,-2.720000,4.160000,-6.920000,2.200000,-0.390000,-0.190000,33.750000,-11.750000,2.750000
1.886000,400008.000000,0.000000,1532.000000,0.000000,802.000000,1183.000000,1680.000000,0.000000,0.000000,0.000000,0.000000,0.000000,0.000000,0.000000,0.000000,0.000000,-2.720000,4.160000,-6.920000,2.200000,-0.390000,-0.190000,33.750000,-11.750000,2.750000
1.888000,400009.000000,0.000000,1567.000000,0.000000,823.000000,1203.000000,1677.000000,0.000000,0.000000,0.000000,0.000000,0.000000,0.000000,0.000000,0.000000,0.000000,-2.720000,4.160000,-6.920000,2.200000,-0.390000,-0.190000,33.750000,-11.750000,2.750000
1.890000,400010.000000,478.000000,1607.000000,0.000000,881.000000,1226.000000,1722.000000,0.000000,0.000000,0.000000,0.000000,0.000000,0.000000,0.000000,0.000000,0.000000,-2.890000,3.820000,-6.740000,2.090000,-0.310000,-0.190000,33.750000,-11.750000,2.750000
1.892000,400011.000000,6.000000,1661.000000,0.000000,867.000000,1230.000000,1694.000000,0.000000,0.000000,0.000000,0.000000,0.000000,0.000000,0.000000,0.000000,0.000000,-2.890000,3.820000,-6.740000,2.090000,-0.310000,-0.190000,33.750000,-11.750000,2.750000
1.894000,400012.000000,0.000000,1664.000000,0.000000,823.000000,1264.000000,1648.000000,0.000000,0.000000,0.000000,0.000000,0.000000,0.000000,0.000000,0.000000,0.000000,-2.890000,3.820000,-6.740000,2.090000,-0.310000,-0.190000,33.750000,-11.750000,2.750000
1.896000,400013.000000,0.000000,1681.000000,0.000000,756.000000,1247.000000,1557.000000,0.000000,0.000000,0.000000,0.000000,0.000000,0.000000,0.000000,0.000000,0.000000,-2.890000,3.820000,-6.740000,2.090000,-0.310000,-0.190000,33.750000,-11.750000,2.750000
1.898000,400014.000000,0.000000,1691.000000,0.000000,768.000000,1255.000000,1601.000000,0.000000,0.000000,0.000000,0.000000,0.000000,0.000000,0.000000,0.000000,0.000000,-2.890000,3.820000,-6.740000,2.090000,-0.310000,-0.190000,33.750000,-11.750000,2.750000
1.900000,400015.000000,509.000000,1701.000000,0.000000,766.000000,1254.000000,1629.000000,0.000000,0.000000,0.000000,0.000000,0.000000,0.000000,0.000000,0.000000,0.000000,-2.900000,3.470000,-6.530000,2.050000,-0.290000,-0.220000,33.750000,-11.750000,2.750000
1.902000,400016.000000,3.000000,1716.000000,0.000000,807.000000,1282.000000,1695.000000,0.000000,0.000000,0.000000,0.000000,0.000000,0.000000,0.000000,0.000000,0.000000,-2.900000,3.470000,-6.530000,2.050000,-0.290000,-0.220000,33.750000,-11.750000,2.750000
1.904000,400017.000000,0.000000,1730.000000,0.000000,819.000000,1298.000000,1677.000000,0.000000,0.000000,0.000000,0.000000,0.000000,0.000000,0.000000,0.000000,0.000000,-2.900000,3.470000,-6.530000,2.050000,-0.290000,-0.220000,33.750000,-11.750000,2.750000
1.906000,400018.000000,0.000000,1727.000000,0.000000,843.000000,1294.000000,1698.000000,0.000000,0.000000,0.000000,0.000000,0.000000,0.000000,0.000000,0.000000,0.000000,-2.900000,3.470000,-6.530000,2.050000,-0.290000,-0.220000,33.750000,-11.750000,2.750000
1.908000,400019.000000,0.000000,1744.000000,0.000000,838.000000,1335.000000,1718.000000,0.000000,0.000000,0.000000,0.000000,0.000000,0.000000,0.000000,0.000000,0.000000,-2.900000,3.470000,-6.530000,2.050000,-0.290000,-0.220000,33.750000,-11.750000,2.750000
1.910000,400020.000000,555.000000,1769.000000,0.000000,902.000000,1344.000000,1727.000000,0.000000,0.000000,0.000000,0.000000,0.000000,0.000000,0.000000,0.000000,0.000000,-2.830000,2.840000,-6.490000,2.040000,-0.290000,-0.270000,33.750000,-11.750000,2.750000
1.912000,400021.000000,7.000000,1773.000000,0.000000,893.000000,1347.000000,1695.000000,0.000000,0.000000,0.000000,0.000000,0.000000,0.000000,0.000000,0.000000,0.000000,-2.830000,2.840000,-6.490000,2.040000,-0.290000,-0.270000,33.750000,-11.750000,2.750000
1.914000,400022.000000,0.000000,1769.000000,0.000000,848.000000,1359.000000,1637.000000,0.000000,0.000000,0.000000,0.000000,0.000000,0.000000,0.000000,0.000000,0.000000,-2.830000,2.840000,-6.490000,2.040000,-0.290000,-0.270000,33.750000,-11.750000,2.750000
1.916000,400023.000000,0.000000,1744.000000,0.000000,810.000000,1342.000000,1571.000000,0.000000,0.000000,0.000000,0.000000,0.000000,0.000000,0.000000,0.000000,0.000000,-2.830000,2.840000,-6.490000,2.040000,-0.290000,-0.270000,33.750000,-11.750000,2.750000
1.918000,400024.000000,0.000000,1718.000000,0.000000,801.000000,1347.000000,1622.000000,0.000000,0.000000,0.000000,0.000000,0.000000,0.000000,0.000000,0.000000,0.000000,-2.830000,2.840000,-6.490000,2.040000,-0.290000,-0.270000,33.750000,-11.750000,2.750000
1.920000,400025.000000,529.000000,1712.000000,0.000000,825.000000,1349.000000,1654.000000,0.000000,0.000000,0.000000,0.000000,0.000000,0.000000,0.000000,0.000000,0.000000,-2.730000,2.490000,-6.240000,2.040000,-0.260000,-0.340000,32.000000,-9.560000,1.500000
1.922000,400026.000000,6.000000,1729.000000,0.000000,851.000000,1343.000000,1695.000000,0.000000,0.000000,0.000000,0.000000,0.000000,0.000000,0.000000,0.000000,0.000000,-2.730000,2.490000,-6.240000,2.040000,-0.260000,-0.340000,32.000000,-9.560000,1.500000
1.924000,400027.000000,0.000000,1731.000000,0.000000,851.000000,1345.000000,1686.000000,0.000000,0.000000,0.000000,0.000000,0.000000,0.000000,0.000000,0.000000,0.000000,-2.730000,2.490000,-6.240000,2.040000,-0.260000,-0.340000,32.000000,-9.560000,1.500000
1.926000,400028.000000,0.000000,1740.000000,0.000000,859.000000,1361.000000,1693.000000,0.000000,0.000000,0.000000,0.000000,0.000000,0.000000,0.000000,0.000000,0.000000,-2.730000,2.490000,-6.240000,2.040000,-0.260000,-0.340000,32.000000,-9.560000,1.500000
1.928000,400029.000000,0.000000,1737.000000,0.000000,875.000000,1357.000000,1711.000000,0.000000,0.000000,0.000000,0.000000,0.000000,0.000000,0.000000,0.000000,0.000000,-2.730000,2.490000,-6.240000,2.040000,-0.260000,-0.340000,32.000000,-9.560000,1.500000
1.930000,400030.000000,416.000000,1754.000000,0.000000,917.000000,1346.000000,1751.000000,0.000000,0.000000,0.000000,0.000000,0.000000,0.000000,0.000000,0.000000,0.000000,-2.690000,2.080000,-6.000000,2.040000,-0.260000,-0.340000,32.000000,-9.560000,1.500000
1.932000,400031.000000,4.000000,1735.000000,0.000000,870.000000,1342.000000,1701.000000,0.000000,0.000000,0.000000,0.000000,0.000000,0.000000,0.000000,0.000000,0.000000,-2.690000,2.080000,-6.000000,2.040000,-0.260000,-0.340000,32.000000,-9.560000,1.500000
1.934000,400032.000000,0.000000,1758.000000,0.000000,850.000000,1342.000000,1639.000000,0.000000,0.000000,0.000000,0.000000,0.000000,0.000000,0.000000,0.000000,0.000000,-2.690000,2.080000,-6.000000,2.040000,-0.260000,-0.340000,32.000000,-9.560000,1.500000
1.936000,400033.000000,0.000000,1744.000000,0.000000,771.000000,1307.000000,1579.000000,0.000000,0.000000,0.000000,0.000000,0.000000,0.000000,0.000000,0.000000,0.000000,-2.690000,2.080000,-6.000000,2.040000,-0.260000,-0.340000,32.000000,-9.560000,1.500000
1.938000,400034.000000,0.000000,1719.000000,0.000000,796.000000,1287.000000,1601.000000,0.000000,0.000000,0.000000,0.000000,0.000000,0.000000,0.000000,0.000000,0.000000,-2.690000,2.080000,-6.000000,2.040000,-0.260000,-0.340000,32.000000,-9.560000,1.500000
1.940000,400035.000000,0.000000,1685.000000,0.000000,779.000000,1277.000000,1635.000000,0.000000,0.000000,0.000000,0.000000,0.000000,0.000000,0.000000,0.000000,0.000000,-2.870000,1.650000,-6.450000,1.930000,-0.260000,-0.480000,32.000000,-9.560000,1.500000
1.942000,400036.000000,0.000000,1701.000000,0.000000,811.000000,1225.000000,1629.000000,0.000000,0.000000,0.000000,0.000000,0.000000,0.000000,0.000000,0.000000,0.000000,-2.870000,1.650000,-6.450000,1.930000,-0.260000,-0.480000,32.000000,-9.560000,1.500000
1.944000,400037.000000,0.000000,1717.000000,0.000000,807.000000,1252.000000,1634.000000,0.000000,0.000000,0.000000,0.000000,0.000000,0.000000,0.000000,0.000000,0.000000,-2.870000,1.650000,-6.450000,1.930000,-0.260000,-0.480000,32.000000,-9.560000,1.500000
1.946000,400038.000000,0.000000,1718.000000,22.000000,827.000000,1215.000000,1625.000000,0.000000,0.000000,0.000000,0.000000,0.000000,0.000000,0.000000,0.000000,0.000000,-2.870000,1.650000,-6.450000,1.930000,-0.260000,-0.480000,32.000000,-9.560000,1.500000
1.948000,400039.000000,0.000000,1727.000000,67.000000,827.000000,1216.000000,1638.000000,0.000000,0.000000,0.000000,0.000000,0.000000,0.000000,0.000000,0.000000,0.000000,-2.870000,1.650000,-6.450000,1.930000,-0.260000,-0.480000,32.000000,-9.560000,1.500000
1.950000,400040.000000,549.000000,1761.000000,113.000000,865.000000,1173.000000,1693.000000,0.000000,0.000000,0.000000,0.000000,0.000000,0.000000,0.000000,0.000000,0.000000,-3.110000,1.420000,-7.030000,1.790000,-0.250000,-0.500000,32.000000,-9.560000,1.500000
1.952000,400041.000000,3.000000,1762.000000,159.000000,837.000000,1157.000000,1680.000000,0.000000,0.000000,0.000000,0.000000,0.000000,0.000000,0.000000,0.000000,0.000000,-3.110000,1.420000,-7.030000,1.790000,-0.250000,-0.500000,32.000000,-9.560000,1.500000
1.954000,400042.000000,0.000000,1776.000000,176.000000,816.000000,1149.000000,1641.000000,0.000000,0.000000,0.000000,0.000000,0.000000,0.000000,0.000000,0.000000,0.000000,-3.110000,1.420000,-7.030000,1.790000,-0.250000,-0.500000,32.000000,-9.560000,1.500000
1.956000,400043.000000,0.000000,1731.000000,197.000000,744.000000,1162.000000,1590.000000,0.000000,0.000000,0.000000,0.000000,0.000000,0.000000,0.000000,0.000000,0.000000,-3.110000,1.420000,-7.030000,1.790000,-0.250000,-0.500000,32.000000,-9.560000,1.500000
1.958000,400044.000000,0.000000,1715.000000,191.000000,766.000000,1153.000000,1632.000000,0.000000,0.000000,0.000000,0.000000,0.000000,0.000000,0.000000,0.000000,0.000000,-3.110000,1.420000,-7.030000,1.790000,-0.250000,-0.500000,32.000000,-9.560000,1.500000
1.960000,400045.000000,525.000000,1712.000000,247.000000,766.000000,1153.000000,1647.000000,0.000000,0.000000,0.000000,0.000000,0.000000,0.000000,0.000000,0.000000,0.000000,-3.020000,1.310000,-7.030000,1.640000,-0.240000,-0.470000,32.000000,-9.560000,1.500000
1.962000,400046.000000,6.000000,1719.000000,254.000000,786.000000,1159.000000,1682.000000,0.000000,0.000000,0.000000,0.000000,0.000000,0.000000,0.000000,0.000000,0.000000,-3.020000,1.310000,-7.030000,1.640000,-0.240000,-0.470000,32.000000,-9.560000,1.500000
1.964000,400047.000000,0.000000,1744.000000,259.000000,810.000000,1158.000000,1687.000000,0.000000,0.000000,0.000000,0.000000,0.000000,0.000000,0.000000,0.000000,0.000000,-3.020000,1.310000,-7.030000,1.640000,-0.240000,-0.470000,32.000000,-9.560000,1.500000
1.966000,400048.000000,0.000000,1746.000000,247.000000,810.000000,1172.000000,1694.000000,0.000000,0.000000,0.000000,0.000000,0.000000,0.000000,0.000000,0.000000,0.000000,-3.020000,1.310000,-7.030000,1.640000,-0.240000,-0.470000,32.000000,-9.560000,1.500000
1.968000,400049.000000,0.000000,1762.000000,278.000000,816.000000,1189.000000,1739.000000,0.000000,0.000000,0.000000,0.000000,0.000000,0.000000,0.000000,0.000000,0.000000,-3.020000,1.310000,-7.030000,1.640000,-0.240000,-0.470000,32.000000,-9.560000,1.500000
1.970000,400050.000000,565.000000,1776.000000,313.000000,877.000000,1215.000000,1754.000000,0.000000,0.000000,0.000000,0.000000,0.000000,0.000000,0.000000,0.000000,0.000000,-3.150000,1.210000,-7.010000,1.500000,-0.160000,-0.450000,32.060000,-9.190000,4.880000
1.972000,400051.000000,7.000000,1791.000000,315.000000,843.000000,1218.000000,1694.000000,0.000000,0.000000,0.000000,0.000000,0.000000,0.000000,0.000000,0.000000,0.000000,-3.150000,1.210000,-7.010000,1.500000,-0.160000,-0.450000,32.060000,-9.190000,4.880000
1.974000,400052.000000,0.000000,1808.000000,320.000000,816.000000,1233.000000,1674.000000,0.000000,0.000000,0.000000,0.000000,0.000000,0.000000,0.000000,0.000000,0.000000,-3.150000,1.210000,-7.010000,1.500000,-0.160000,-0.450000,32.060000,-9.190000,4.880000
1.976000,400053.000000,0.000000,1792.000000,341.000000,753.000000,1234.000000,1627.000000,0.000000,0.000000,0.000000,0.000000,0.000000,0.000000,0.000000,0.000000,0.000000,-3.150000,1.210000,-7.010000,1.500000,-0.160000,-0.450000,32.060000,-9.190000,4.880000
1.978000,400054.000000,0.000000,1753.000000,371.000000,771.000000,1257.000000,1652.000000,0.000000,0.000000,0.000000,0.000000,0.000000,0.000000,0.000000,0.000000,0.000000,-3.150000,1.210000,-7.010000,1.500000,-0.160000,-0.450000,32.060000,-9.190000,4.880000
1.980000,400055.000000,527.000000,1737.000000,370.000000,789.000000,1264.000000,1695.000000,0.000000,0.000000,0.000000,0.000000,0.000000,0.000000,0.000000,0.000000,0.000000,-2.270000,1.170000,-6.960000,1.500000,-0.160000,-0.450000,32.060000,-9.190000,4.880000
1.982000,400056.000000,18.000000,1733.000000,401.000000,835.000000,1278.000000,1871.000000,0.000000,0.000000,0.000000,0.000000,0.000000,0.000000,0.000000,0.000000,0.000000,-2.270000,1.170000,-6.960000,1.500000,-0.160000,-0.450000,32.060000,-9.190000,4.880000
1.984000,400057.000000,7.000000,1757.000000,401.000000,826.000000,1283.000000,1784.000000,0.000000,0.000000,0.000000,0.000000,0.000000,0.000000,0.000000,0.000000,0.000000,-2.270000,1.170000,-6.960000,1.500000,-0.160000,-0.450000,32.060000,-9.190000,4.880000
1.986000,400058.000000,3.000000,1766.000000,432.000000,843.000000,1318.000000,1760.000000,0.000000,0.000000,0.000000,0.000000,0.000000,0.000000,0.000000,0.000000,0.000000,-2.270000,1.170000,-6.960000,1.500000,-0.160000,-0.450000,32.060000,-9.190000,4.880000
1.988000,400059.000000,0.000000,1766.000000,451.000000,855.000000,1327.000000,1788.000000,0.000000,0.000000,0.000000,0.000000,0.000000,0.000000,0.000000,0.000000,0.000000,-2.270000,1.170000,-6.960000,1.500000,-0.160000,-0.450000,32.060000,-9.190000,4.880000
1.990000,400060.000000,571.000000,1788.000000,439.000000,905.000000,1358.000000,1775.000000,0.000000,0.000000,0.000000,0.000000,0.000000,0.000000,0.000000,0.000000,0.000000,-2.210000,1.230000,-6.740000,1.340000,0.020000,-0.400000,32.060000,-9.190000,4.880000
1.992000,400061.000000,13.000000,1795.000000,481.000000,867.000000,1394.000000,1734.000000,0.000000,0.000000,0.000000,0.000000,0.000000,0.000000,0.000000,0.000000,0.000000,-2.210000,1.230000,-6.740000,1.340000,0.020000,-0.400000,32.060000,-9.190000,4.880000
1.994000,400062.000000,0.000000,1776.000000,495.000000,855.000000,1411.000000,1680.000000,0.000000,0.000000,0.000000,0.000000,0.000000,0.000000,0.000000,0.000000,0.000000,-2.210000,1.230000,-6.740000,1.340000,0.020000,-0.400000,32.060000,-9.190000,4.880000
1.996000,400063.000000,0.000000,1754.000000,511.000000,816.000000,1427.000000,1627.000000,0.000000,0.000000,0.000000,0.000000,0.000000,0.000000,0.000000,0.000000,0.000000,-2.210000,1.230000,-6.740000,1.340000,0.020000,-0.400000,32.060000,-9.190000,4.880000
1.998000,400064.000000,0.000000,1744.000000,511.000000,816.000000,1423.000000,1659.000000,0.000000,0.000000,0.000000,0.000000,0.000000,0.000000,0.000000,0.000000,0.000000,-2.210000,1.230000,-6.740000,1.340000,0.020000,-0.400000,32.060000,-9.190000,4.880000
2.000000,400065.000000,537.000000,1732.000000,535.000000,821.000000,1437.000000,1712.000000,0.000000,0.000000,0.000000,0.000000,0.000000,0.000000,0.000000,0.000000,0.000000,-2.080000,1.260000,-6.840000,1.280000,0.010000,-0.380000,32.060000,-9.190000,4.880000
2.002000,400066.000000,15.000000,1728.000000,524.000000,880.000000,1455.000000,1756.000000,0.000000,0.000000,0.000000,0.000000,0.000000,0.000000,0.000000,0.000000,0.000000,-2.080000,1.260000,-6.840000,1.280000,0.010000,-0.380000,32.060000,-9.190000,4.880000
2.004000,400067.000000,0.000000,1737.000000,533.000000,866.000000,1443.000000,1744.000000,0.000000,0.000000,0.000000,0.000000,0.000000,0.000000,0.000000,0.000000,0.000000,-2.080000,1.260000,-6.840000,1.280000,0.010000,-0.380000,32.060000,-9.190000,4.880000
2.006000,400068.000000,0.000000,1744.000000,542.000000,883.000000,1485.000000,1727.000000,0.000000,0.000000,0.000000,0.000000,0.000000,0.000000,0.000000,0.000000,0.000000,-2.080000,1.260000,-6.840000,1.280000,0.010000,-0.380000,32.060000,-9.190000,4.880000
2.008000,400069.000000,0.000000,1742.000000,502.000000,878.000000,1507.000000,1790.000000,0.000000,0.000000,0.000000,0.000000,0.000000,0.000000,0.000000,0.000000,0.000000,-2.080000,1.260000,-6.840000,1.280000,0.010000,-0.380000,32.060000,-9.190000,4.880000
2.010000,400070.000000,549.000000,1756.000000,523.000000,931.000000,1535.000000,1769.000000,0.000000,0.000000,0.000000,0.000000,0.000000,0.000000,0.000000,0.000000,0.000000,-1.810000,1.140000,-7.020000,1.230000,0.030000,-0.360000,32.060000,-9.190000,4.880000
2.012000,400071.000000,10.000000,1776.000000,511.000000,882.000000,1523.000000,1736.000000,0.000000,0.000000,0.000000,0.000000,0.000000,0.000000,0.000000,0.000000,0.000000,-1.810000,1.140000,-7.020000,1.230000,0.030000,-0.360000,32.060000,-9.190000,4.880000
2.014000,400072.000000,0.000000,1749.000000,495.000000,825.000000,1535.000000,1707.000000,0.000000,0.000000,0.000000,0.000000,0.000000,0.000000,0.000000,0.000000,0.000000,-1.810000,1.140000,-7.020000,1.230000,0.030000,-0.360000,32.060000,-9.190000,4.880000
2.016000,400073.000000,0.000000,1735.000000,511.000000,786.000000,1535.000000,1648.000000,0.000000,0.000000,0.000000,0.000000,0.000000,0.000000,0.000000,0.000000,0.000000,-1.810000,1.140000,-7.020000,1.230000,0.030000,-0.360000,32.060000,-9.190000,4.880000
2.018000,400074.000000,0.000000,1715.000000,511.000000,775.000000,1567.000000,1659.000000,0.000000,0.000000,0.000000,0.000000,0.000000,0.000000,0.000000,0.000000,0.000000,-1.810000,1.140000,-7.020000,1.230000,0.030000,-0.360000,32.060000,-9.190000,4.880000
2.020000,400075.000000,0.000000,1713.000000,476.000000,803.000000,1535.000000,1713.000000,0.000000,0.000000,0.000000,0.000000,0.000000,0.000000,0.000000,0.000000,0.000000,-1.480000,0.570000,-7.040000,1.130000,-0.030000,-0.310000,32.000000,-9.250000,3.560000
2.022000,400076.000000,0.000000,1719.000000,522.000000,837.000000,1566.000000,1757.000000,0.000000,0.000000,0.000000,0.000000,0.000000,0.000000,0.000000,0.000000,0.000000,-1.480000,0.570000,-7.040000,1.130000,-0.030000,-0.310000,32.000000,-9.250000,3.560000
2.024000,400077.000000,0.000000,1715.000000,507.000000,847.000000,1563.000000,1745.000000,0.000000,0.000000,0.000000,0.000000,0.000000,0.000000,0.000000,0.000000,0.000000,-1.480000,0.570000,-7.040000,1.130000,-0.030000,-0.310000,32.000000,-9.250000,3.560000
2.026000,400078.000000,0.000000,1722.000000,576.000000,843.000000,1568.000000,1735.000000,0.000000,0.000000,0.000000,0.000000,0.000000,0.000000,0.000000,0.000000,0.000000,-1.480000,0.570000,-7.040000,1.130000,-0.030000,-0.310000,32.000000,-9.250000,3.560000
2.028000,400079.000000,14.000000,1762.000000,592.000000,848.000000,1591.000000,1795.000000,0.000000,0.000000,0.000000,0.000000,0.000000,0.000000,0.000000,0.000000,0.000000,-1.480000,0.570000,-7.040000,1.130000,-0.030000,-0.310000,32.000000,-9.250000,3.560000
2.030000,400080.000000,570.000000,1778.000000,593.000000,895.000000,1609.000000,1712.000000,0.000000,0.000000,0.000000,0.000000,0.000000,0.000000,0.000000,0.000000,0.000000,-1.530000,0.400000,-7.200000,1.130000,-0.030000,-0.310000,32.000000,-9.250000,3.560000
2.032000,400081.000000,4.000000,1776.000000,641.000000,854.000000,1615.000000,1637.000000,0.000000,0.000000,0.000000,0.000000,0.000000,0.000000,0.000000,0.000000,0.000000,-1.530000,0.400000,-7.200000,1.130000,-0.030000,-0.310000,32.000000,-9.250000,3.560000
2.034000,400082.000000,0.000000,1776.000000,680.000000,812.000000,1639.000000,1663.000000,0.000000,0.000000,0.000000,0.000000,0.000000,0.000000,0.000000,0.000000,0.000000,-1.530000,0.400000,-7.200000,1.130000,-0.030000,-0.310000,32.000000,-9.250000,3.560000
2.036000,400083.000000,0.000000,1757.000000,712.000000,737.000000,1643.000000,1651.000000,0.000000,0.000000,0.000000,0.000000,0.000000,0.000000,0.000000,0.000000,0.000000,-1.530000,0.400000,-7.200000,1.130000,-0.030000,-0.310000,32.000000,-9.250000,3.560000
2.038000,400084.000000,0.000000,1744.000000,742.000000,784.000000,1646.000000,1653.000000,0.000000,0.000000,0.000000,0.000000,0.000000,0.000000,0.000000,0.000000,0.000000,-1.530000,0.400000,-7.200000,1.130000,-0.030000,-0.310000,32.000000,-9.250000,3.560000
2.040000,400085.000000,546.000000,1732.000000,783.000000,795.000000,1651.000000,1683.000000,0.000000,0.000000,0.000000,0.000000,0.000000,0.000000,0.000000,0.000000,0.000000,-1.550000,0.310000,-7.380000,0.880000,-0.200000,-0.210000,32.000000,-9.250000,3.560000
2.042000,400086.000000,9.000000,1777.000000,829.000000,822.000000,1653.000000,1729.000000,0.000000,0.000000,0.000000,0.000000,0.000000,0.000000,0.000000,0.000000,0.000000,-1.550000,0.310000,-7.380000,0.880000,-0.200000,-0.210000,32.000000,-9.250000,3.560000
2.044000,400087.000000,2.000000,1782.000000,848.000000,811.000000,1663.000000,1756.000000,0.000000,0.000000,0.000000,0.000000,0.000000,0.000000,0.000000,0.000000,0.000000,-1.550000,0.310000,-7.380000,0.880000,-0.200000,-0.210000,32.000000,-9.250000,3.560000
2.046000,400088.000000,0.000000,1775.000000,895.000000,832.000000,1671.000000,1775.000000,0.000000,0.000000,0.000000,0.000000,0.000000,0.000000,0.000000,0.000000,0.000000,-1.550000,0.310000,-7.380000,0.880000,-0.200000,-0.210000,32.000000,-9.250000,3.560000
2.048000,400089.000000,0.000000,1806.000000,907.000000,835.000000,1658.000000,1840.000000,0.000000,0.000000,0.000000,0.000000,0.000000,0.000000,0.000000,0.000000,0.000000,-1.550000,0.310000,-7.380000,0.880000,-0.200000,-0.210000,32.000000,-9.250000,3.560000
2.050000,400090.000000,591.000000,1834.000000,986.000000,881.000000,1679.000000,1785.000000,0.000000,0.000000,0.000000,0.000000,0.000000,0.000000,0.000000,0.000000,0.000000,-1.610000,0.200000,-7.480000,0.790000,-0.220000,-0.180000,32.000000,-9.250000,3.560000
2.052000,400091.000000,16.000000,1827.000000,1009.000000,862.000000,1674.000000,1746.000000,0.000000,0.000000,0.000000,0.000000,0.000000,0.000000,0.000000,0.000000,0.000000,-1.610000,0.200000,-7.480000,0.790000,-0.220000,-0.180000,32.000000,-9.250000,3.560000
2.054000,400092.000000,2.000000,1816.000000,1040.000000,830.000000,1680.000000,1717.000000,0.000000,0.000000,0.000000,0.000000,0.000000,0.000000,0.000000,0.000000,0.000000,-1.610000,0.200000,-7.480000,0.790000,-0.220000,-0.180000,32.000000,-9.250000,3.560000
2.056000,400093.000000,0.000000,1794.000000,1100.000000,788.000000,1658.000000,1698.000000,0.000000,0.000000,0.000000,0.000000,0.000000,0.000000,0.000000,0.000000,0.000000,-1.610000,0.200000,-7.480000,0.790000,-0.220000,-0.180000,32.000000,-9.250000,3.560000
2.058000,400094.000000,0.000000,1793.000000,1135.000000,784.000000,1695.000000,1680.000000,0.000000,0.000000,0.000000,0.000000,0.000000,0.000000,0.000000,0.000000,0.000000,-1.610000,0.200000,-7.480000,0.790000,-0.220000,-0.180000,32.000000,-9.250000,3.560000
2.060000,400095.000000,552.000000,1777.000000,1169.000000,816.000000,1680.000000,1767.000000,0.000000,0.000000,0.000000,0.000000,0.000000,0.000000,0.000000,0.000000,0.000000,-1.650000,0.060000,-7.470000,0.710000,-0.200000,-0.160000,32.000000,-9.250000,3.560000
2.062000,400096.000000,16.000000,1803.000000,1182.000000,846.000000,1728.000000,1799.000000,0.000000,0.000000,0.000000,0.000000,0.000000,0.000000,0.000000,0.000000,0.000000,-1.650000,0.060000,-7.470000,0.710000,-0.200000,-0.160000,32.000000,-9.250000,3.560000
2.064000,400097.000000,1.000000,1811.000000,1218.000000,838.000000,1729.000000,1793.000000,0.000000,0.000000,0.000000,0.000000,0.000000,0.000000,0.000000,0.000000,0.000000,-1.650000,0.060000,-7.470000,0.710000,-0.200000,-0.160000,32.000000,-9.250000,3.560000
2.066000,400098.000000,0.000000,1813.000000,1262.000000,859.000000,1745.000000,1805.000000,0.000000,0.000000,0.000000,0.000000,0.000000,0.000000,0.000000,0.000000,0.000000,-1.650000,0.060000,-7.470000,0.710000,-0.200000,-0.160000,32.000000,-9.250000,3.560000
2.068000,400099.000000,2.000000,1828.000000,1280.000000,846.000000,1781.000000,1868.000000,0.000000,0.000000,0.000000,0.000000,0.000000,0.000000,0.000000,0.000000,0.000000,-1.650000,0.060000,-7.470000,0.710000,-0.200000,-0.160000,32.000000,-9.250000,3.560000
2.070000,400100.000000,82.000000,1835.000000,1296.000000,900.000000,1810.000000,1792.000000,0.000000,0.000000,0.000000,0.000000,0.000000,0.000000,0.000000,0.000000,0.000000,-1.910000,0.100000,-7.440000,0.630000,-0.200000,-0.150000,32.000000,-8.190000,5.690000
2.072000,400101.000000,0.000000,1851.000000,1313.000000,895.000000,1812.000000,1728.000000,0.000000,0.000000,0.000000,0.000000,0.000000,0.000000,0.000000,0.000000,0.000000,-1.910000,0.100000,-7.440000,0.630000,-0.200000,-0.150000,32.000000,-8.190000,5.690000
2.074000,400102.000000,0.000000,1831.000000,1314.000000,831.000000,1829.000000,1719.000000,0.000000,0.000000,0.000000,0.000000,0.000000,0.000000,0.000000,0.000000,0.000000,-1.910000,0.100000,-7.440000,0.630000,-0.200000,-0.150000,32.000000,-8.190000,5.690000
2.076000,400103.000000,0.000000,1794.000000,1335.000000,784.000000,1845.000000,1685.000000,0.000000,0.000000,0.000000,0.000000,0.000000,0.000000,0.000000,0.000000,0.000000,-1.910000,0.100000,-7.440000,0.630000,-0.200000,-0.150000,32.000000,-8.190000,5.690000
2.078000,400104.000000,0.000000,1792.000000,1334.000000,784.000000,1860.000000,1727.000000,0.000000,0.000000,0.000000,0.000000,0.000000,0.000000,0.000000,0.000000,0.000000,-1.910000,0.100000,-7.440000,0.630000,-0.200000,-0.150000,32.000000,-8.190000,5.690000
2.080000,400105.000000,560.000000,1791.000000,1328.000000,848.000000,1867.000000,1744.000000,0.000000,0.000000,0.000000,0.000000,0.000000,0.000000,0.000000,0.000000,0.000000,-2.190000,0.190000,-7.420000,0.630000,-0.200000,-0.150000,32.000000,-8.190000,5.690000
2.082000,400106.000000,16.000000,1803.000000,1375.000000,855.000000,1851.000000,1814.000000,0.000000,0.000000,0.000000,0.000000,0.000000,0.000000,0.000000,0.000000,0.000000,-2.190000,0.190000,-7.420000,0.630000,-0.200000,-0.150000,32.000000,-8.190000,5.690000
2.084000,400107.000000,3.000000,1814.000000,1370.000000,869.000000,1884.000000,1812.000000,0.000000,0.000000,0.000000,0.000000,0.000000,0.000000,0.000000,0.000000,0.000000,-2.190000,0.190000,-7.420000,0.630000,-0.200000,-0.150000,32.000000,-8.190000,5.690000
2.086000,400108.000000,1.000000,1808.000000,1417.000000,873.000000,1904.000000,1821.000000,0.000000,0.000000,0.000000,0.000000,0.000000,0.000000,0.000000,0.000000,0.000000,-2.190000,0.190000,-7.420000,0.630000,-0.200000,-0.150000,32.000000,-8.190000,5.690000
2.088000,400109.000000,5.000000,1825.000000,1417.000000,873.000000,1915.000000,1894.000000,0.000000,0.000000,0.000000,0.000000,0.000000,0.000000,0.000000,0.000000,0.000000,-2.190000,0.190000,-7.420000,0.630000,-0.200000,-0.150000,32.000000,-8.190000,5.690000
2.090000,400110.000000,125.000000,1856.000000,1451.000000,924.000000,1930.000000,1836.000000,0.000000,0.000000,0.000000,0.000000,0.000000,0.000000,0.000000,0.000000,0.000000,-2.290000,0.250000,-7.480000,0.510000,-0.260000,-0.100000,32.000000,-8.190000,5.690000
2.092000,400111.000000,0.000000,1853.000000,1451.000000,886.000000,1947.000000,1827.000000,0.000000,0.000000,0.000000,0.000000,0.000000,0.000000,0.000000,0.000000,0.000000,-2.290000,0.250000,-7.480000,0.510000,-0.260000,-0.100000,32.000000,-8.190000,5.690000
2.094000,400112.000000,8.000000,1840.000000,1488.000000,854.000000,1957.000000,1757.000000,0.000000,0.000000,0.000000,0.000000,0.000000,0.000000,0.000000,0.000000,0.000000,-2.290000,0.250000,-7.480000,0.510000,-0.260000,-0.100000,32.000000,-8.190000,5.690000
2.096000,400113.000000,0.000000,1813.000000,1494.000000,812.000000,1973.000000,1771.000000,0.000000,0.000000,0.000000,0.000000,0.000000,0.000000,0.000000,0.000000,0.000000,-2.290000,0.250000,-7.480000,0.510000,-0.260000,-0.100000,32.000000,-8.190000,5.690000
2.098000,400114.000000,0.000000,1811.000000,1515.000000,816.000000,1968.000000,1744.000000,0.000000,0.000000,0.000000,0.000000,0.000000,0.000000,0.000000,0.000000,0.000000,-2.290000,0.250000,-7.480000,0.510000,-0.260000,-0.100000,32.000000,-8.190000,5.690000
2.100000,400115.000000,576.000000,1797.000000,1534.000000,838.000000,1967.000000,1812.000000,0.000000,0.000000,0.000000,0.000000,0.000000,0.000000,0.000000,0.000000,0.000000,-2.790000,0.230000,-7.540000,0.470000,-0.300000,-0.080000,32.000000,-8.190000,5.690000
2.102000,400116.000000,18.000000,1819.000000,1535.000000,880.000000,1971.000000,1845.000000,0.000000,0.000000,0.000000,0.000000,0.000000,0.000000,0.000000,0.000000,0.000000,-2.790000,0.230000,-7.540000,0.470000,-0.300000,-0.080000,32.000000,-8.190000,5.690000
2.104000,400117.000000,14.000000,1826.000000,1584.000000,880.000000,1984.000000,1837.000000,0.000000,0.000000,0.000000,0.000000,0.000000,0.000000,0.000000,0.000000,0.000000,-2.790000,0.230000,-7.540000,0.470000,-0.300000,-0.080000,32.000000,-8.190000,5.690000
2.106000,400118.000000,11.000000,1837.000000,1612.000000,880.000000,2011.000000,1855.000000,0.000000,0.000000,0.000000,0.000000,0.000000,0.000000,0.000000,0.000000,0.000000,-2.790000,0.230000,-7.540000,0.470000,-0.300000,-0.080000,32.000000,-8.190000,5.690000
2.108000,400119.000000,16.000000,1851.000000,1641.000000,891.000000,2029.000000,1913.000000,0.000000,0.000000,0.000000,0.000000,0.000000,0.000000,0.000000,0.000000,0.000000,-2.790000,0.230000,-7.540000,0.470000,-0.300000,-0.080000,32.000000,-8.190000,5.690000
2.110000,400120.000000,68.000000,1867.000000,1652.000000,921.000000,2035.000000,1870.000000,0.000000,0.000000,0.000000,0.000000,0.000000,0.000000,0.000000,0.000000,0.000000,-2.840000,0.150000,-7.690000,0.420000,-0.250000,-0.070000,32.000000,-8.190000,5.690000
2.112000,400121.000000,7.000000,1870.000000,1676.000000,891.000000,2038.000000,1845.000000,0.000000,0.000000,0.000000,0.000000,0.000000,0.000000,0.000000,0.000000,0.000000,-2.840000,0.150000,-7.690000,0.420000,-0.250000,-0.070000,32.000000,-8.190000,5.690000
2.114000,400122.000000,7.000000,1872.000000,1678.000000,853.000000,2047.000000,1761.000000,0.000000,0.000000,0.000000,0.000000,0.000000,0.000000,0.000000,0.000000,0.000000,-2.840000,0.150000,-7.690000,0.420000,-0.250000,-0.070000,32.000000,-8.190000,5.690000
2.116000,400123.000000,0.000000,1840.000000,1683.000000,810.000000,2080.000000,1814.000000,0.000000,0.000000,0.000000,0.000000,0.000000,0.000000,0.000000,0.000000,0.000000,-2.840000,0.150000,-7.690000,0.420000,-0.250000,-0.070000,32.000000,-8.190000,5.690000
2.118000,400124.000000,2.000000,1835.000000,1668.000000,825.000000,2090.000000,1817.000000,0.000000,0.000000,0.000000,0.000000,0.000000,0.000000,0.000000,0.000000,0.000000,-2.840000,0.150000,-7.690000,0.420000,-0.250000,-0.070000,32.000000,-8.190000,5.690000
2.120000,400125.000000,579.000000,1839.000000,1680.000000,863.000000,2125.000000,1840.000000,0.000000,0.000000,0.000000,0.000000,0.000000,0.000000,0.000000,0.000000,0.000000,-2.990000,-0.030000,-7.740000,0.370000,-0.150000,-0.060000,32.380000,-7.880000,3.880000
2.122000,400126.000000,16.000000,1825.000000,1670.000000,885.000000,2155.000000,1855.000000,0.000000,0.000000,0.000000,0.000000,0.000000,0.000000,0.000000,0.000000,0.000000,-2.990000,-0.030000,-7.740000,0.370000,-0.150000,-0.060000,32.380000,-7.880000,3.880000
2.124000,400127.000000,11.000000,1846.000000,1674.000000,885.000000,2172.000000,1851.000000,0.000000,0.000000,0.000000,0.000000,0.000000,0.000000,0.000000,0.000000,0.000000,-2.990000,-0.030000,-7.740000,0.370000,-0.150000,-0.060000,32.380000,-7.880000,3.880000
2.126000,400128.000000,9.000000,1849.000000,1669.000000,890.000000,2187.000000,1872.000000,0.000000,0.000000,0.000000,0.000000,0.000000,0.000000,0.000000,0.000000,0.000000,-2.990000,-0.030000,-7.740000,0.370000,-0.150000,-0.060000,32.380000,-7.880000,3.880000
2.128000,400129.000000,15.000000,1861.000000,1695.000000,895.000000,2230.000000,1937.000000,0.000000,0.000000,0.000000,0.000000,0.000000,0.000000,0.000000,0.000000,0.000000,-2.990000,-0.030000,-7.740000,0.370000,-0.150000,-0.060000,32.380000,-7.880000,3.880000
2.130000,400130.000000,613.000000,1876.000000,1714.000000,922.000000,2270.000000,1889.000000,0.000000,0.000000,0.000000,0.000000,0.000000,0.000000,0.000000,0.000000,0.000000,-3.120000,-0.050000,-7.880000,0.370000,-0.150000,-0.060000,32.380000,-7.880000,3.880000
2.132000,400131.000000,22.000000,1869.000000,1717.000000,901.000000,2295.000000,1833.000000,0.000000,0.000000,0.000000,0.000000,0.000000,0.000000,0.000000,0.000000,0.000000,-3.120000,-0.050000,-7.880000,0.370000,-0.150000,-0.060000,32.380000,-7.880000,3.880000
2.134000,400132.000000,5.000000,1883.000000,1744.000000,879.000000,2321.000000,1787.000000,0.000000,0.000000,0.000000,0.000000,0.000000,0.000000,0.000000,0.000000,0.000000,-3.120000,-0.050000,-7.880000,0.370000,-0.150000,-0.060000,32.380000,-7.880000,3.880000
2.136000,400133.000000,0.000000,1856.000000,1779.000000,823.000000,2353.000000,1807.000000,0.000000,0.000000,0.000000,0.000000,0.000000,0.000000,0.000000,0.000000,0.000000,-3.120000,-0.050000,-7.880000,0.370000,-0.150000,-0.060000,32.380000,-7.880000,3.880000
2.138000,400134.000000,1.000000,1854.000000,1799.000000,834.000000,2386.000000,1801.000000,0.000000,0.000000,0.000000,0.000000,0.000000,0.000000,0.000000,0.000000,0.000000,-3.120000,-0.050000,-7.880000,0.370000,-0.150000,-0.060000,32.380000,-7.880000,3.880000
2.140000,400135.000000,587.000000,1841.000000,1789.000000,861.000000,2426.000000,1809.000000,0.000000,0.000000,0.000000,0.000000,0.000000,0.000000,0.000000,0.000000,0.000000,-2.910000,0.050000,-7.830000,0.280000,-0.050000,-0.030000,32.380000,-7.880000,3.880000
2.142000,400136.000000,20.000000,1854.000000,1803.000000,884.000000,2450.000000,1891.000000,0.000000,0.000000,0.000000,0.000000,0.000000,0.000000,0.000000,0.000000,0.000000,-2.910000,0.050000,-7.830000,0.280000,-0.050000,-0.030000,32.380000,-7.880000,3.880000
2.144000,400137.000000,11.000000,1889.000000,1822.000000,900.000000,2510.000000,1855.000000,0.000000,0.000000,0.000000,0.000000,0.000000,0.000000,0.000000,0.000000,0.000000,-2.910000,0.050000,-7.830000,0.280000,-0.050000,-0.030000,32.380000,-7.880000,3.880000
2.146000,400138.000000,16.000000,1914.000000,1802.000000,888.000000,2544.000000,1953.000000,0.000000,0.000000,0.000000,0.000000,0.000000,0.000000,0.000000,0.000000,0.000000,-2.910000,0.050000,-7.830000,0.280000,-0.050000,-0.030000,32.380000,-7.880000,3.880000
2.148000,400139.000000,20.000000,1902.000000,1813.000000,927.000000,2587.000000,2035.000000,0.000000,0.000000,0.000000,0.000000,0.000000,0.000000,0.000000,0.000000,0.000000,-2.910000,0.050000,-7.830000,0.280000,-0.050000,-0.030000,32.380000,-7.880000,3.880000
2.150000,400140.000000,642.000000,1935.000000,1819.000000,949.000000,2601.000000,1918.000000,0.000000,0.000000,0.000000,0.000000,0.000000,0.000000,0.000000,0.000000,0.000000,-2.830000,0.190000,-7.980000,0.220000,-0.050000,-0.020000,32.380000,-7.880000,3.880000
2.152000,400141.000000,23.000000,1933.000000,1829.000000,906.000000,2640.000000,1879.000000,0.000000,0.000000,0.000000,0.000000,0.000000,0.000000,0.000000,0.000000,0.000000,-2.830000,0.190000,-7.980000,0.220000,-0.050000,-0.020000,32.380000,-7.880000,3.880000
2.154000,400142.000000,1.000000,1915.000000,1837.000000,880.000000,2657.000000,1814.000000,0.000000,0.000000,0.000000,0.000000,0.000000,0.000000,0.000000,0.000000,0.000000,-2.830000,0.190000,-7.980000,0.220000,-0.050000,-0.020000,32.380000,-7.880000,3.880000
2.156000,400143.000000,4.000000,1892.000000,1815.000000,819.000000,2704.000000,1824.000000,0.000000,0.000000,0.000000,0.000000,0.000000,0.000000,0.000000,0.000000,0.000000,-2.830000,0.190000,-7.980000,0.220000,-0.050000,-0.020000,32.380000,-7.880000,3.880000
2.158000,400144.000000,0.000000,1856.000000,1792.000000,830.000000,2723.000000,1837.000000,0.000000,0.000000,0.000000,0.000000,0.000000,0.000000,0.000000,0.000000,0.000000,-2.830000,0.190000,-7.980000,0.220000,-0.050000,-0.020000,32.380000,-7.880000,3.880000
2.160000,400145.000000,11.000000,1872.000000,1812.000000,869.000000,2737.000000,1838.000000,0.000000,0.000000,0.000000,0.000000,0.000000,0.000000,0.000000,0.000000,0.000000,-2.660000,0.280000,-8.290000,0.180000,-0.060000,-0.010000,32.380000,-7.880000,3.880000
2.162000,400146.000000,14.000000,1904.000000,1833.000000,891.000000,2731.000000,1881.000000,0.000000,0.000000,0.000000,0.000000,0.000000,0.000000,0.000000,0.000000,0.000000,-2.660000,0.280000,-8.290000,0.180000,-0.060000,-0.010000,32.380000,-7.880000,3.880000
2.164000,400147.000000,16.000000,1919.000000,1847.000000,883.000000,2745.000000,1899.000000,0.000000,0.000000,0.000000,0.000000,0.000000,0.000000,0.000000,0.000000,0.000000,-2.660000,0.280000,-8.290000,0.180000,-0.060000,-0.010000,32.380000,-7.880000,3.880000
2.166000,400148.000000,11.000000,1936.000000,1847.000000,897.000000,2746.000000,1881.000000,0.000000,0.000000,0.000000,0.000000,0.000000,0.000000,0.000000,0.000000,0.000000,-2.660000,0.280000,-8.290000,0.180000,-0.060000,-0.010000,32.380000,-7.880000,3.880000
2.168000,400149.000000,16.000000,1956.000000,1851.000000,917.000000,2768.000000,1979.000000,0.000000,0.000000,0.000000,0.000000,0.000000,0.000000,0.000000,0.000000,0.000000,-2.660000,0.280000,-8.290000,0.180000,-0.060000,-0.010000,32.380000,-7.880000,3.880000
2.170000,400150.000000,640.000000,1967.000000,1901.000000,943.000000,2750.000000,1887.000000,0.000000,0.000000,0.000000,0.000000,0.000000,0.000000,0.000000,0.000000,0.000000,-2.390000,0.340000,-8.190000,0.160000,-0.090000,0.000000,33.060000,-6.690000,4.250000
2.172000,400151.000000,33.000000,1942.000000,1906.000000,909.000000,2735.000000,1868.000000,0.000000,0.000000,0.000000,0.000000,0.000000,0.000000,0.000000,0.000000,0.000000,-2.390000,0.340000,-8.190000,0.160000,-0.090000,0.000000,33.060000,-6.690000,4.250000
2.174000,400152.000000,7.000000,1961.000000,1935.000000,870.000000,2721.000000,1821.000000,0.000000,0.000000,0.000000,0.000000,0.000000,0.000000,0.000000,0.000000,0.000000,-2.390000,0.340000,-8.190000,0.160000,-0.090000,0.000000,33.060000,-6.690000,4.250000
2.176000,400153.000000,0.000000,1925.000000,1919.000000,837.000000,2690.000000,1839.000000,0.000000,0.000000,0.000000,0.000000,0.000000,0.000000,0.000000,0.000000,0.000000,-2.390000,0.340000,-8.190000,0.160000,-0.090000,0.000000,33.060000,-6.690000,4.250000
2.178000,400154.000000,0.000000,1893.000000,1965.000000,831.000000,2672.000000,1865.000000,0.000000,0.000000,0.000000,0.000000,0.000000,0.000000,0.000000,0.000000,0.000000,-2.390000,0.340000,-8.190000,0.160000,-0.090000,0.000000,33.060000,-6.690000,4.250000
2.180000,400155.000000,607.000000,1893.000000,1978.000000,845.000000,2642.000000,1870.000000,0.000000,0.000000,0.000000,0.000000,0.000000,0.000000,0.000000,0.000000,0.000000,-2.510000,0.360000,-8.220000,0.160000,-0.090000,0.000000,33.060000,-6.690000,4.250000
2.182000,400156.000000,23.000000,1893.000000,1974.000000,886.000000,2633.000000,1874.000000,0.000000,0.000000,0.000000,0.000000,0.000000,0.000000,0.000000,0.000000,0.000000,-2.510000,0.360000,-8.220000,0.160000,-0.090000,0.000000,33.060000,-6.690000,4.250000
2.184000,400157.000000,19.000000,1891.000000,2047.000000,869.000000,2615.000000,1902.000000,0.000000,0.000000,0.000000,0.000000,0.000000,0.000000,0.000000,0.000000,0.000000,-2.510000,0.360000,-8.220000,0.160000,-0.090000,0.000000,33.060000,-6.690000,4.250000
2.186000,400158.000000,16.000000,1893.000000,2066.000000,880.000000,2617.000000,1899.000000,0.000000,0.000000,0.000000,0.000000,0.000000,0.000000,0.000000,0.000000,0.000000,-2.510000,0.360000,-8.220000,0.160000,-0.090000,0.000000,33.060000,-6.690000,4.250000
2.188000,400159.000000,14.000000,1897.000000,2113.000000,931.000000,2582.000000,1951.000000,0.000000,0.000000,0.000000,0.000000,0.000000,0.000000,0.000000,0.000000,0.000000,-2.510000,0.360000,-8.220000,0.160000,-0.090000,0.000000,33.060000,-6.690000,4.250000
2.190000,400160.000000,87.000000,1953.000000,2119.000000,930.000000,2559.000000,1927.000000,0.000000,0.000000,0.000000,0.000000,0.000000,0.000000,0.000000,0.000000,0.000000,-2.670000,0.470000,-8.220000,0.090000,-0.090000,0.030000,33.060000,-6.690000,4.250000
2.192000,400161.000000,10.000000,1941.000000,2143.000000,893.000000,2542.000000,1869.000000,0.000000,0.000000,0.000000,0.000000,0.000000,0.000000,0.000000,0.000000,0.000000,-2.670000,0.470000,-8.220000,0.090000,-0.090000,0.030000,33.060000,-6.690000,4.250000
2.194000,400162.000000,1.000000,1936.000000,2167.000000,839.000000,2519.000000,1819.000000,0.000000,0.000000,0.000000,0.000000,0.000000,0.000000,0.000000,0.000000,0.000000,-2.670000,0.470000,-8.220000,0.090000,-0.090000,0.030000,33.060000,-6.690000,4.250000
2.196000,400163.000000,8.000000,1909.000000,2173.000000,809.000000,2513.000000,1851.000000,0.000000,0.000000,0.000000,0.000000,0.000000,0.000000,0.000000,0.000000,0.000000,-2.670000,0.470000,-8.220000,0.090000,-0.090000,0.030000,33.060000,-6.690000,4.250000
2.198000,400164.000000,5.000000,1907.000000,2190.000000,828.000000,2501.000000,1846.000000,0.000000,0.000000,0.000000,0.000000,0.000000,0.000000,0.000000,0.000000,0.000000,-2.670000,0.470000,-8.220000,0.090000,-0.090000,0.030000,33.060000,-6.690000,4.250000
2.200000,400165.000000,43.000000,1904.000000,2161.000000,839.000000,2467.000000,1857.000000,0.000000,0.000000,0.000000,0.000000,0.000000,0.000000,0.000000,0.000000,0.000000,-2.930000,0.500000,-8.270000,0.060000,-0.090000,0.040000,33.060000,-6.690000,4.250000
2.202000,400166.000000,7.000000,1916.000000,2155.000000,859.000000,2473.000000,1897.000000,0.000000,0.000000,0.000000,0.000000,0.000000,0.000000,0.000000,0.000000,0.000000,-2.930000,0.500000,-8.270000,0.060000,-0.090000,0.040000,33.060000,-6.690000,4.250000
2.204000,400167.000000,7.000000,1932.000000,2165.000000,882.000000,2432.000000,1905.000000,0.000000,0.000000,0.000000,0.000000,0.000000,0.000000,0.000000,0.000000,0.000000,-2.930000,0.500000,-8.270000,0.060000,-0.090000,0.040000,33.060000,-6.690000,4.250000
2.206000,400168.000000,5.000000,1931.000000,2169.000000,877.000000,2435.000000,1898.000000,0.000000,0.000000,0.000000,0.000000,0.000000,0.000000,0.000000,0.000000,0.000000,-2.930000,0.500000,-8.270000,0.060000,-0.090000,0.040000,33.060000,-6.690000,4.250000
2.208000,400169.000000,17.000000,1939.000000,2170.000000,906.000000,2406.000000,1968.000000,0.000000,0.000000,0.000000,0.000000,0.000000,0.000000,0.000000,0.000000,0.000000,-2.930000,0.500000,-8.270000,0.060000,-0.090000,0.040000,33.060000,-6.690000,4.250000
2.210000,400170.000000,650.000000,1953.000000,2194.000000,912.000000,2427.000000,1894.000000,0.000000,0.000000,0.000000,0.000000,0.000000,0.000000,0.000000,0.000000,0.000000,-3.260000,0.590000,-8.590000,0.040000,-0.060000,0.040000,33.060000,-6.690000,4.250000
2.212000,400171.000000,19.000000,1966.000000,2167.000000,887.000000,2434.000000,1875.000000,0.000000,0.000000,0.000000,0.000000,0.000000,0.000000,0.000000,0.000000,0.000000,-3.260000,0.590000,-8.590000,0.040000,-0.060000,0.040000,33.060000,-6.690000,4.250000
2.214000,400172.000000,4.000000,1943.000000,2199.000000,856.000000,2419.000000,1802.000000,0.000000,0.000000,0.000000,0.000000,0.000000,0.000000,0.000000,0.000000,0.000000,-3.260000,0.590000,-8.590000,0.040000,-0.060000,0.040000,33.060000,-6.690000,4.250000
2.216000,400173.000000,2.000000,1931.000000,2187.000000,823.000000,2413.000000,1840.000000,0.000000,0.000000,0.000000,0.000000,0.000000,0.000000,0.000000,0.000000,0.000000,-3.260000,0.590000,-8.590000,0.040000,-0.060000,0.040000,33.060000,-6.690000,4.250000
2.218000,400174.000000,0.000000,1936.000000,2193.000000,833.000000,2439.000000,1855.000000,0.000000,0.000000,0.000000,0.000000,0.000000,0.000000,0.000000,0.000000,0.000000,-3.260000,0.590000,-8.590000,0.040000,-0.060000,0.040000,33.060000,-6.690000,4.250000
2.220000,400175.000000,626.000000,1955.000000,2215.000000,881.000000,2416.000000,1869.000000,0.000000,0.000000,0.000000,0.000000,0.000000,0.000000,0.000000,0.000000,0.000000,-3.380000,0.620000,-8.690000,0.030000,-0.030000,0.030000,32.750000,-6.380000,5.060000
2.222000,400176.000000,22.000000,1955.000000,2211.000000,893.000000,2423.000000,1903.000000,0.000000,0.000000,0.000000,0.000000,0.000000,0.000000,0.000000,0.000000,0.000000,-3.380000,0.620000,-8.690000,0.030000,-0.030000,0.030000,32.750000,-6.380000,5.060000
2.224000,400177.000000,16.000000,1949.000000,2197.000000,912.000000,2426.000000,1887.000000,0.000000,0.000000,0.000000,0.000000,0.000000,0.000000,0.000000,0.000000,0.000000,-3.380000,0.620000,-8.690000,0.030000,-0.030000,0.030000,32.750000,-6.380000,5.060000
2.226000,400178.000000,7.000000,1952.000000,2189.000000,912.000000,2417.000000,1926.000000,0.000000,0.000000,0.000000,0.000000,0.000000,0.000000,0.000000,0.000000,0.000000,-3.380000,0.620000,-8.690000,0.030000,-0.030000,0.030000,32.750000,-6.380000,5.060000
2.228000,400179.000000,26.000000,1951.000000,2224.000000,926.000000,2434.000000,2074.000000,0.000000,0.000000,0.000000,0.000000,0.000000,0.000000,0.000000,0.000000,0.000000,-3.380000,0.620000,-8.690000,0.030000,-0.030000,0.030000,32.750000,-6.380000,5.060000
2.230000,400180.000000,674.000000,1968.000000,2217.000000,953.000000,2450.000000,2363.000000,0.000000,0.000000,0.000000,0.000000,0.000000,0.000000,0.000000,0.000000,0.000000,-3.580000,0.530000,-8.780000,0.030000,-0.030000,0.030000,32.750000,-6.380000,5.060000
2.232000,400181.000000,41.000000,1965.000000,2256.000000,927.000000,2458.000000,2071.000000,0.000000,0.000000,0.000000,0.000000,0.000000,0.000000,0.000000,0.000000,0.000000,-3.580000,0.530000,-8.780000,0.030000,-0.030000,0.030000,32.750000,-6.380000,5.060000
2.234000,400182.000000,15.000000,1946.000000,2274.000000,867.000000,2439.000000,1879.000000,0.000000,0.000000,0.000000,0.000000,0.000000,0.000000,0.000000,0.000000,0.000000,-3.580000,0.530000,-8.780000,0.030000,-0.030000,0.030000,32.750000,-6.380000,5.060000
2.236000,400183.000000,4.000000,1894.000000,2319.000000,841.000000,2448.000000,1846.000000,0.000000,0.000000,0.000000,0.000000,0.000000,0.000000,0.000000,0.000000,0.000000,-3.580000,0.530000,-8.780000,0.030000,-0.030000,0.030000,32.750000,-6.380000,5.060000
2.238000,400184.000000,2.000000,1901.000000,2329.000000,850.000000,2464.000000,1878.000000,0.000000,0.000000,0.000000,0.000000,0.000000,0.000000,0.000000,0.000000,0.000000,-3.580000,0.530000,-8.780000,0.030000,-0.030000,0.030000,32.750000,-6.380000,5.060000
2.240000,400185.000000,107.000000,1915.000000,2340.000000,880.000000,2451.000000,1854.000000,0.000000,0.000000,0.000000,0.000000,0.000000,0.000000,0.000000,0.000000,0.000000,-3.640000,0.520000,-8.950000,0.020000,0.010000,0.030000,32.750000,-6.380000,5.060000
2.242000,400186.000000,17.000000,1899.000000,2333.000000,896.000000,2461.000000,1904.000000,0.000000,0.000000,0.000000,0.000000,0.000000,0.000000,0.000000,0.000000,0.000000,-3.640000,0.520000,-8.950000,0.020000,0.010000,0.030000,32.750000,-6.380000,5.060000
2.244000,400187.000000,0.000000,1915.000000,2352.000000,907.000000,2466.000000,1905.000000,0.000000,0.000000,0.000000,0.000000,0.000000,0.000000,0.000000,0.000000,0.000000,-3.640000,0.520000,-8.950000,0.020000,0.010000,0.030000,32.750000,-6.380000,5.060000
2.246000,400188.000000,7.000000,1904.000000,2352.000000,910.000000,2474.000000,1910.000000,0.000000,0.000000,0.000000,0.000000,0.000000,0.000000,0.000000,0.000000,0.000000,-3.640000,0.520000,-8.950000,0.020000,0.010000,0.030000,32.750000,-6.380000,5.060000
2.248000,400189.000000,29.000000,1901.000000,2335.000000,957.000000,2495.000000,1978.000000,0.000000,0.000000,0.000000,0.000000,0.000000,0.000000,0.000000,0.000000,0.000000,-3.640000,0.520000,-8.950000,0.020000,0.010000,0.030000,32.750000,-6.380000,5.060000
2.250000,400190.000000,17.000000,1933.000000,2362.000000,933.000000,2503.000000,1913.000000,0.000000,0.000000,0.000000,0.000000,0.000000,0.000000,0.000000,0.000000,0.000000,-3.630000,0.340000,-8.920000,0.020000,0.110000,-0.020000,32.750000,-6.380000,5.060000
2.252000,400191.000000,11.000000,1907.000000,2352.000000,925.000000,2518.000000,1898.000000,0.000000,0.000000,0.000000,0.000000,0.000000,0.000000,0.000000,0.000000,0.000000,-3.630000,0.340000,-8.920000,0.020000,0.110000,-0.020000,32.750000,-6.380000,5.060000
2.254000,400192.000000,0.000000,1907.000000,2342.000000,861.000000,2542.000000,1821.000000,0.000000,0.000000,0.000000,0.000000,0.000000,0.000000,0.000000,0.000000,0.000000,-3.630000,0.340000,-8.920000,0.020000,0.110000,-0.020000,32.750000,-6.380000,5.060000
2.256000,400193.000000,7.000000,1875.000000,2369.000000,851.000000,2540.000000,1838.000000,0.000000,0.000000,0.000000,0.000000,0.000000,0.000000,0.000000,0.000000,0.000000,-3.630000,0.340000,-8.920000,0.020000,0.110000,-0.020000,32.750000,-6.380000,5.060000
2.258000,400194.000000,10.000000,1890.000000,2354.000000,859.000000,2539.000000,1893.000000,0.000000,0.000000,0.000000,0.000000,0.000000,0.000000,0.000000,0.000000,0.000000,-3.630000,0.340000,-8.920000,0.020000,0.110000,-0.020000,32.750000,-6.380000,5.060000
2.260000,400195.000000,612.000000,1881.000000,2320.000000,911.000000,2542.000000,1886.000000,0.000000,0.000000,0.000000,0.000000,0.000000,0.000000,0.000000,0.000000,0.000000,-3.530000,0.250000,-9.160000,0.000000,0.110000,-0.030000,32.750000,-6.380000,5.060000
2.262000,400196.000000,19.000000,1904.000000,2345.000000,914.000000,2551.000000,1933.000000,0.000000,0.000000,0.000000,0.000000,0.000000,0.000000,0.000000,0.000000,0.000000,-3.530000,0.250000,-9.160000,0.000000,0.110000,-0.030000,32.750000,-6.380000,5.060000
2.264000,400197.000000,11.000000,1909.000000,2321.000000,922.000000,2549.000000,1891.000000,0.000000,0.000000,0.000000,0.000000,0.000000,0.000000,0.000000,0.000000,0.000000,-3.530000,0.250000,-9.160000,0.000000,0.110000,-0.030000,32.750000,-6.380000,5.060000
2.266000,400198.000000,19.000000,1918.000000,2313.000000,915.000000,2554.000000,1912.000000,0.000000,0.000000,0.000000,0.000000,0.000000,0.000000,0.000000,0.000000,0.000000,-3.530000,0.250000,-9.160000,0.000000,0.110000,-0.030000,32.750000,-6.380000,5.060000
2.268000,400199.000000,18.000000,1916.000000,2287.000000,939.000000,2558.000000,1975.000000,0.000000,0.000000,0.000000,0.000000,0.000000,0.000000,0.000000,0.000000,0.000000,-3.530000,0.250000,-9.160000,0.000000,0.110000,-0.030000,32.750000,-6.380000,5.060000
2.270000,400200.000000,637.000000,1967.000000,2303.000000,947.000000,2584.000000,1885.000000,0.000000,0.000000,0.000000,0.000000,0.000000,0.000000,0.000000,0.000000,0.000000,-3.340000,0.290000,-9.240000,-0.020000,0.120000,-0.030000,33.060000,-7.000000,4.250000
2.272000,400201.000000,33.000000,1961.000000,2293.000000,906.000000,2590.000000,1903.000000,0.000000,0.000000,0.000000,0.000000,0.000000,0.000000,0.000000,0.000000,0.000000,-3.340000,0.290000,-9.240000,-0.020000,0.120000,-0.030000,33.060000,-7.000000,4.250000
2.274000,400202.000000,17.000000,1962.000000,2271.000000,867.000000,2597.000000,1823.000000,0.000000,0.000000,0.000000,0.000000,0.000000,0.000000,0.000000,0.000000,0.000000,-3.340000,0.290000,-9.240000,-0.020000,0.120000,-0.030000,33.060000,-7.000000,4.250000
2.276000,400203.000000,11.000000,1909.000000,2289.000000,858.000000,2587.000000,1905.000000,0.000000,0.000000,0.000000,0.000000,0.000000,0.000000,0.000000,0.000000,0.000000,-3.340000,0.290000,-9.240000,-0.020000,0.120000,-0.030000,33.060000,-7.000000,4.250000
2.278000,400204.000000,6.000000,1922.000000,2278.000000,856.000000,2583.000000,1895.000000,0.000000,0.000000,0.000000,0.000000,0.000000,0.000000,0.000000,0.000000,0.000000,-3.340000,0.290000,-9.240000,-0.020000,0.120000,-0.030000,33.060000,-7.000000,4.250000
2.280000,400205.000000,627.000000,1920.000000,2256.000000,866.000000,2592.000000,1991.000000,0.000000,0.000000,0.000000,0.000000,0.000000,0.000000,0.000000,0.000000,0.000000,-3.120000,0.400000,-9.190000,-0.020000,0.120000,-0.030000,33.060000,-7.000000,4.250000
2.282000,400206.000000,54.000000,1936.000000,2244.000000,906.000000,2559.000000,2191.000000,0.000000,0.000000,0.000000,0.000000,0.000000,0.000000,0.000000,0.000000,0.000000,-3.120000,0.400000,-9.190000,-0.020000,0.120000,-0.030000,33.060000,-7.000000,4.250000
2.284000,400207.000000,23.000000,1947.000000,2273.000000,909.000000,2590.000000,1987.000000,0.000000,0.000000,0.000000,0.000000,0.000000,0.000000,0.000000,0.000000,0.000000,-3.120000,0.400000,-9.190000,-0.020000,0.120000,-0.030000,33.060000,-7.000000,4.250000
2.286000,400208.000000,19.000000,1968.000000,2321.000000,912.000000,2559.000000,1921.000000,0.000000,0.000000,0.000000,0.000000,0.000000,0.000000,0.000000,0.000000,0.000000,-3.120000,0.400000,-9.190000,-0.020000,0.120000,-0.030000,33.060000,-7.000000,4.250000
2.288000,400209.000000,18.000000,1968.000000,2322.000000,959.000000,2559.000000,1989.000000,0.000000,0.000000,0.000000,0.000000,0.000000,0.000000,0.000000,0.000000,0.000000,-3.120000,0.400000,-9.190000,-0.020000,0.120000,-0.030000,33.060000,-7.000000,4.250000
2.290000,400210.000000,16.000000,1991.000000,2362.000000,907.000000,2559.000000,1892.000000,0.000000,0.000000,0.000000,0.000000,0.000000,0.000000,0.000000,0.000000,0.000000,-2.440000,0.520000,-9.140000,-0.040000,0.070000,0.010000,33.060000,-7.000000,4.250000
2.292000,400211.000000,48.000000,1969.000000,2393.000000,912.000000,2581.000000,1867.000000,0.000000,0.000000,0.000000,0.000000,0.000000,0.000000,0.000000,0.000000,0.000000,-2.440000,0.520000,-9.140000,-0.040000,0.070000,0.010000,33.060000,-7.000000,4.250000
2.294000,400212.000000,12.000000,1957.000000,2428.000000,859.000000,2544.000000,2019.000000,0.000000,0.000000,0.000000,0.000000,0.000000,0.000000,0.000000,0.000000,0.000000,-2.440000,0.520000,-9.140000,-0.040000,0.070000,0.010000,33.060000,-7.000000,4.250000
2.296000,400213.000000,11.000000,1913.000000,2423.000000,833.000000,2554.000000,1978.000000,0.000000,0.000000,0.000000,0.000000,0.000000,0.000000,0.000000,0.000000,0.000000,-2.440000,0.520000,-9.140000,-0.040000,0.070000,0.010000,33.060000,-7.000000,4.250000
2.298000,400214.000000,13.000000,1903.000000,2463.000000,837.000000,2519.000000,2012.000000,0.000000,0.000000,0.000000,0.000000,0.000000,0.000000,0.000000,0.000000,0.000000,-2.440000,0.520000,-9.140000,-0.040000,0.070000,0.010000,33.060000,-7.000000,4.250000
2.300000,400215.000000,625.000000,1921.000000,2463.000000,879.000000,2502.000000,2028.000000,0.000000,0.000000,0.000000,0.000000,0.000000,0.000000,0.000000,0.000000,0.000000,-2.220000,0.740000,-9.120000,-0.040000,0.090000,0.020000,33.060000,-7.000000,4.250000
2.302000,400216.000000,49.000000,1920.000000,2469.000000,899.000000,2491.000000,2220.000000,0.000000,0.000000,0.000000,0.000000,0.000000,0.000000,0.000000,0.000000,0.000000,-2.220000,0.740000,-9.120000,-0.040000,0.090000,0.020000,33.060000,-7.000000,4.250000
2.304000,400217.000000,37.000000,1936.000000,2483.000000,887.000000,2469.000000,2074.000000,0.000000,0.000000,0.000000,0.000000,0.000000,0.000000,0.000000,0.000000,0.000000,-2.220000,0.740000,-9.120000,-0.040000,0.090000,0.020000,33.060000,-7.000000,4.250000
2.306000,400218.000000,16.000000,1936.000000,2513.000000,899.000000,2476.000000,1959.000000,0.000000,0.000000,0.000000,0.000000,0.000000,0.000000,0.000000,0.000000,0.000000,-2.220000,0.740000,-9.120000,-0.040000,0.090000,0.020000,33.060000,-7.000000,4.250000
2.308000,400219.000000,20.000000,1951.000000,2482.000000,949.000000,2483.000000,2000.000000,0.000000,0.000000,0.000000,0.000000,0.000000,0.000000,0.000000,0.000000,0.000000,-2.220000,0.740000,-9.120000,-0.040000,0.090000,0.020000,33.060000,-7.000000,4.250000
2.310000,400220.000000,646.000000,1972.000000,2468.000000,933.000000,2459.000000,2003.000000,0.000000,0.000000,0.000000,0.000000,0.000000,0.000000,0.000000,0.000000,0.000000,-2.300000,0.800000,-9.150000,-0.050000,0.040000,0.040000,33.060000,-7.000000,4.250000
2.312000,400221.000000,32.000000,1954.000000,2441.000000,895.000000,2438.000000,1915.000000,0.000000,0.000000,0.000000,0.000000,0.000000,0.000000,0.000000,0.000000,0.000000,-2.300000,0.800000,-9.150000,-0.050000,0.040000,0.040000,33.060000,-7.000000,4.250000
2.314000,400222.000000,5.000000,1936.000000,2447.000000,842.000000,2403.000000,1815.000000,0.000000,0.000000,0.000000,0.000000,0.000000,0.000000,0.000000,0.000000,0.000000,-2.300000,0.800000,-9.150000,-0.050000,0.040000,0.040000,33.060000,-7.000000,4.250000
2.316000,400223.000000,0.000000,1948.000000,2419.000000,832.000000,2384.000000,1835.000000,0.000000,0.000000,0.000000,0.000000,0.000000,0.000000,0.000000,0.000000,0.000000,-2.300000,0.800000,-9.150000,-0.050000,0.040000,0.040000,33.060000,-7.000000,4.250000
2.318000,400224.000000,6.000000,1915.000000,2383.000000,819.000000,2383.000000,1890.000000,0.000000,0.000000,0.000000,0.000000,0.000000,0.000000,0.000000,0.000000,0.000000,-2.300000,0.800000,-9.150000,-0.050000,0.040000,0.040000,33.060000,-7.000000,4.250000
2.320000,400225.000000,621.000000,1906.000000,2367.000000,870.000000,2375.000000,1882.000000,0.000000,0.000000,0.000000,0.000000,0.000000,0.000000,0.000000,0.000000,0.000000,-2.500000,0.860000,-9.040000,-0.060000,-0.020000,0.050000,32.380000,-6.690000,3.060000
2.322000,400226.000000,23.000000,1904.000000,2358.000000,875.000000,2368.000000,1915.000000,0.000000,0.000000,0.000000,0.000000,0.000000,0.000000,0.000000,0.000000,0.000000,-2.500000,0.860000,-9.040000,-0.060000,-0.020000,0.050000,32.380000,-6.690000,3.060000
2.324000,400227.000000,16.000000,1901.000000,2333.000000,883.000000,2363.000000,1890.000000,0.000000,0.000000,0.000000,0.000000,0.000000,0.000000,0.000000,0.000000,0.000000,-2.500000,0.860000,-9.040000,-0.060000,-0.020000,0.050000,32.380000,-6.690000,3.060000
2.326000,400228.000000,15.000000,1905.000000,2303.000000,875.000000,2342.000000,1917.000000,0.000000,0.000000,0.000000,0.000000,0.000000,0.000000,0.000000,0.000000,0.000000,-2.500000,0.860000,-9.040000,-0.060000,-0.020000,0.050000,32.380000,-6.690000,3.060000
2.328000,400229.000000,16.000000,1953.000000,2330.000000,917.000000,2311.000000,1968.000000,0.000000,0.000000,0.000000,0.000000,0.000000,0.000000,0.000000,0.000000,0.000000,-2.500000,0.860000,-9.040000,-0.060000,-0.020000,0.050000,32.380000,-6.690000,3.060000
2.330000,400230.000000,629.000000,1917.000000,2313.000000,907.000000,2315.000000,1887.000000,0.000000,0.000000,0.000000,0.000000,0.000000,0.000000,0.000000,0.000000,0.000000,-2.730000,0.880000,-8.930000,-0.060000,-0.020000,0.050000,32.380000,-6.690000,3.060000
2.332000,400231.000000,24.000000,1911.000000,2299.000000,880.000000,2336.000000,1865.000000,0.000000,0.000000,0.000000,0.000000,0.000000,0.000000,0.000000,0.000000,0.000000,-2.730000,0.880000,-8.930000,-0.060000,-0.020000,0.050000,32.380000,-6.690000,3.060000
2.334000,400232.000000,7.000000,1906.000000,2274.000000,837.000000,2309.000000,1783.000000,0.000000,0.000000,0.000000,0.000000,0.000000,0.000000,0.000000,0.000000,0.000000,-2.730000,0.880000,-8.930000,-0.060000,-0.020000,0.050000,32.380000,-6.690000,3.060000
2.336000,400233.000000,0.000000,1882.000000,2266.000000,846.000000,2320.000000,1806.000000,0.000000,0.000000,0.000000,0.000000,0.000000,0.000000,0.000000,0.000000,0.000000,-2.730000,0.880000,-8.930000,-0.060000,-0.020000,0.050000,32.380000,-6.690000,3.060000
2.338000,400234.000000,15.000000,1865.000000,2240.000000,818.000000,2278.000000,1881.000000,0.000000,0.000000,0.000000,0.000000,0.000000,0.000000,0.000000,0.000000,0.000000,-2.730000,0.880000,-8.930000,-0.060000,-0.020000,0.050000,32.380000,-6.690000,3.060000
2.340000,400235.000000,3.000000,1883.000000,2229.000000,865.000000,2295.000000,1854.000000,0.000000,0.000000,0.000000,0.000000,0.000000,0.000000,0.000000,0.000000,0.000000,-2.900000,0.810000,-9.010000,-0.050000,-0.040000,0.070000,32.380000,-6.690000,3.060000
2.342000,400236.000000,83.000000,1885.000000,2196.000000,852.000000,2301.000000,1892.000000,0.000000,0.000000,0.000000,0.000000,0.000000,0.000000,0.000000,0.000000,0.000000,-2.900000,0.810000,-9.010000,-0.050000,-0.040000,0.070000,32.380000,-6.690000,3.060000
2.344000,400237.000000,16.000000,1894.000000,2163.000000,873.000000,2277.000000,1873.000000,0.000000,0.000000,0.000000,0.000000,0.000000,0.000000,0.000000,0.000000,0.000000,-2.900000,0.810000,-9.010000,-0.050000,-0.040000,0.070000,32.380000,-6.690000,3.060000
2.346000,400238.000000,14.000000,1881.000000,2212.000000,878.000000,2286.000000,1894.000000,0.000000,0.000000,0.000000,0.000000,0.000000,0.000000,0.000000,0.000000,0.000000,-2.900000,0.810000,-9.010000,-0.050000,-0.040000,0.070000,32.380000,-6.690000,3.060000
2.348000,400239.000000,16.000000,1893.000000,2207.000000,939.000000,2263.000000,1954.000000,0.000000,0.000000,0.000000,0.000000,0.000000,0.000000,0.000000,0.000000,0.000000,-2.900000,0.810000,-9.010000,-0.050000,-0.040000,0.070000,32.380000,-6.690000,3.060000
2.350000,400240.000000,621.000000,1901.000000,2177.000000,905.000000,2270.000000,1838.000000,0.000000,0.000000,0.000000,0.000000,0.000000,0.000000,0.000000,0.000000,0.000000,-2.910000,0.920000,-9.000000,-0.020000,0.000000,0.080000,32.380000,-6.690000,3.060000
2.352000,400241.000000,17.000000,1889.000000,2169.000000,880.000000,2263.000000,1838.000000,0.000000,0.000000,0.000000,0.000000,0.000000,0.000000,0.000000,0.000000,0.000000,-2.910000,0.920000,-9.000000,-0.020000,0.000000,0.080000,32.380000,-6.690000,3.060000
2.354000,400242.000000,0.000000,1868.000000,2165.000000,846.000000,2240.000000,1775.000000,0.000000,0.000000,0.000000,0.000000,0.000000,0.000000,0.000000,0.000000,0.000000,-2.910000,0.920000,-9.000000,-0.020000,0.000000,0.080000,32.380000,-6.690000,3.060000
2.356000,400243.000000,10.000000,1839.000000,2167.000000,839.000000,2210.000000,1831.000000,0.000000,0.000000,0.000000,0.000000,0.000000,0.000000,0.000000,0.000000,0.000000,-2.910000,0.920000,-9.000000,-0.020000,0.000000,0.080000,32.380000,-6.690000,3.060000
2.358000,400244.000000,6.000000,1835.000000,2109.000000,848.000000,2193.000000,1866.000000,0.000000,0.000000,0.000000,0.000000,0.000000,0.000000,0.000000,0.000000,0.000000,-2.910000,0.920000,-9.000000,-0.020000,0.000000,0.080000,32.380000,-6.690000,3.060000
2.360000,400245.000000,595.000000,1855.000000,2096.000000,853.000000,2160.000000,1842.000000,0.000000,0.000000,0.000000,0.000000,0.000000,0.000000,0.000000,0.000000,0.000000,-2.990000,0.790000,-8.720000,0.000000,-0.010000,0.070000,32.380000,-6.690000,3.060000
2.362000,400246.000000,17.000000,1856.000000,2083.000000,865.000000,2155.000000,1869.000000,0.000000,0.000000,0.000000,0.000000,0.000000,0.000000,0.000000,0.000000,0.000000,-2.990000,0.790000,-8.720000,0.000000,-0.010000,0.070000,32.380000,-6.690000,3.060000
2.364000,400247.000000,10.000000,1858.000000,2061.000000,883.000000,2133.000000,1871.000000,0.000000,0.000000,0.000000,0.000000,0.000000,0.000000,0.000000,0.000000,0.000000,-2.990000,0.790000,-8.720000,0.000000,-0.010000,0.070000,32.380000,-6.690000,3.060000
2.366000,400248.000000,16.000000,1878.000000,2002.000000,880.000000,2111.000000,1891.000000,0.000000,0.000000,0.000000,0.000000,0.000000,0.000000,0.000000,0.000000,0.000000,-2.990000,0.790000,-8.720000,0.000000,-0.010000,0.070000,32.380000,-6.690000,3.060000
2.368000,400249.000000,17.000000,1872.000000,1986.000000,925.000000,2114.000000,1920.000000,0.000000,0.000000,0.000000,0.000000,0.000000,0.000000,0.000000,0.000000,0.000000,-2.990000,0.790000,-8.720000,0.000000,-0.010000,0.070000,32.380000,-6.690000,3.060000
2.370000,400250.000000,610.000000,1893.000000,2001.000000,883.000000,2097.000000,1839.000000,0.000000,0.000000,0.000000,0.000000,0.000000,0.000000,0.000000,0.000000,0.000000,-3.080000,0.630000,-8.790000,0.000000,-0.050000,0.060000,33.880000,-6.380000,4.250000
2.372000,400251.000000,16.000000,1860.000000,2005.000000,874.000000,2100.000000,1826.000000,0.000000,0.000000,0.000000,0.000000,0.000000,0.000000,0.000000,0.000000,0.000000,-3.080000,0.630000,-8.790000,0.000000,-0.050000,0.060000,33.880000,-6.380000,4.250000
2.374000,400252.000000,1.000000,1844.000000,1988.000000,822.000000,2070.000000,1751.000000,0.000000,0.000000,0.000000,0.000000,0.000000,0.000000,0.000000,0.000000,0.000000,-3.080000,0.630000,-8.790000,0.000000,-0.050000,0.060000,33.880000,-6.380000,4.250000
2.376000,400253.000000,0.000000,1807.000000,1942.000000,839.000000,2065.000000,1814.000000,0.000000,0.000000,0.000000,0.000000,0.000000,0.000000,0.000000,0.000000,0.000000,-3.080000,0.630000,-8.790000,0.000000,-0.050000,0.060000,33.880000,-6.380000,4.250000
2.378000,400254.000000,0.000000,1799.000000,1936.000000,820.000000,2002.000000,1839.000000,0.000000,0.000000,0.000000,0.000000,0.000000,0.000000,0.000000,0.000000,0.000000,-3.080000,0.630000,-8.790000,0.000000,-0.050000,0.060000,33.880000,-6.380000,4.250000
2.380000,400255.000000,584.000000,1834.000000,1934.000000,863.000000,2001.000000,1823.000000,0.000000,0.000000,0.000000,0.000000,0.000000,0.000000,0.000000,0.000000,0.000000,-3.060000,0.530000,-8.840000,0.000000,-0.050000,0.060000,33.880000,-6.380000,4.250000
2.382000,400256.000000,18.000000,1835.000000,1936.000000,865.000000,2001.000000,1846.000000,0.000000,0.000000,0.000000,0.000000,0.000000,0.000000,0.000000,0.000000,0.000000,-3.060000,0.530000,-8.840000,0.000000,-0.050000,0.060000,33.880000,-6.380000,4.250000
2.384000,400257.000000,13.000000,1837.000000,1920.000000,871.000000,2000.000000,1839.000000,0.000000,0.000000,0.000000,0.000000,0.000000,0.000000,0.000000,0.000000,0.000000,-3.060000,0.530000,-8.840000,0.000000,-0.050000,0.060000,33.880000,-6.380000,4.250000
2.386000,400258.000000,3.000000,1855.000000,1923.000000,893.000000,1997.000000,1850.000000,0.000000,0.000000,0.000000,0.000000,0.000000,0.000000,0.000000,0.000000,0.000000,-3.060000,0.530000,-8.840000,0.000000,-0.050000,0.060000,33.880000,-6.380000,4.250000
2.388000,400259.000000,9.000000,1855.000000,1937.000000,949.000000,1968.000000,1909.000000,0.000000,0.000000,0.000000,0.000000,0.000000,0.000000,0.000000,0.000000,0.000000,-3.060000,0.530000,-8.840000,0.000000,-0.050000,0.060000,33.880000,-6.380000,4.250000
2.390000,400260.000000,132.000000,1886.000000,1906.000000,912.000000,1961.000000,1792.000000,0.000000,0.000000,0.000000,0.000000,0.000000,0.000000,0.000000,0.000000,0.000000,-3.150000,0.400000,-9.030000,0.010000,-0.060000,0.050000,33.880000,-6.380000,4.250000
2.392000,400261.000000,5.000000,1846.000000,1920.000000,882.000000,1966.000000,1823.000000,0.000000,0.000000,0.000000,0.000000,0.000000,0.000000,0.000000,0.000000,0.000000,-3.150000,0.400000,-9.030000,0.010000,-0.060000,0.050000,33.880000,-6.380000,4.250000
2.394000,400262.000000,0.000000,1827.000000,1939.000000,835.000000,1963.000000,1746.000000,0.000000,0.000000,0.000000,0.000000,0.000000,0.000000,0.000000,0.000000,0.000000,-3.150000,0.400000,-9.030000,0.010000,-0.060000,0.050000,33.880000,-6.380000,4.250000
2.396000,400263.000000,2.000000,1798.000000,1947.000000,835.000000,1971.000000,1813.000000,0.000000,0.000000,0.000000,0.000000,0.000000,0.000000,0.000000,0.000000,0.000000,-3.150000,0.400000,-9.030000,0.010000,-0.060000,0.050000,33.880000,-6.380000,4.250000
2.398000,400264.000000,0.000000,1792.000000,1962.000000,848.000000,1962.000000,1849.000000,0.000000,0.000000,0.000000,0.000000,0.000000,0.000000,0.000000,0.000000,0.000000,-3.150000,0.400000,-9.030000,0.010000,-0.060000,0.050000,33.880000,-6.380000,4.250000
2.400000,400265.000000,566.000000,1779.000000,1968.000000,862.000000,1968.000000,1824.000000,0.000000,0.000000,0.000000,0.000000,0.000000,0.000000,0.000000,0.000000,0.000000,-3.300000,0.580000,-8.940000,0.000000,-0.010000,0.060000,33.880000,-6.380000,4.250000
2.402000,400266.000000,16.000000,1808.000000,1990.000000,884.000000,1964.000000,1856.000000,0.000000,0.000000,0.000000,0.000000,0.000000,0.000000,0.000000,0.000000,0.000000,-3.300000,0.580000,-8.940000,0.000000,-0.010000,0.060000,33.880000,-6.380000,4.250000
2.404000,400267.000000,13.000000,1840.000000,1994.000000,899.000000,1951.000000,1859.000000,0.000000,0.000000,0.000000,0.000000,0.000000,0.000000,0.000000,0.000000,0.000000,-3.300000,0.580000,-8.940000,0.000000,-0.010000,0.060000,33.880000,-6.380000,4.250000
2.406000,400268.000000,0.000000,1812.000000,1989.000000,903.000000,1943.000000,1859.000000,0.000000,0.000000,0.000000,0.000000,0.000000,0.000000,0.000000,0.000000,0.000000,-3.300000,0.580000,-8.940000,0.000000,-0.010000,0.060000,33.880000,-6.380000,4.250000
2.408000,400269.000000,18.000000,1816.000000,1963.000000,929.000000,1957.000000,1906.000000,0.000000,0.000000,0.000000,0.000000,0.000000,0.000000,0.000000,0.000000,0.000000,-3.300000,0.580000,-8.940000,0.000000,-0.010000,0.060000,33.880000,-6.380000,4.250000
2.410000,400270.000000,592.000000,1849.000000,1968.000000,917.000000,1966.000000,1789.000000,0.000000,0.000000,0.000000,0.000000,0.000000,0.000000,0.000000,0.000000,0.000000,-3.150000,0.670000,-8.660000,0.010000,0.000000,0.060000,33.880000,-6.380000,4.250000
2.412000,400271.000000,16.000000,1837.000000,1949.000000,892.000000,1963.000000,1816.000000,0.000000,0.000000,0.000000,0.000000,0.000000,0.000000,0.000000,0.000000,0.000000,-3.150000,0.670000,-8.660000,0.010000,0.000000,0.060000,33.880000,-6.380000,4.250000
2.414000,400272.000000,3.000000,1835.000000,1954.000000,850.000000,1966.000000,1744.000000,0.000000,0.000000,0.000000,0.000000,0.000000,0.000000,0.000000,0.000000,0.000000,-3.150000,0.670000,-8.660000,0.010000,0.000000,0.060000,33.880000,-6.380000,4.250000
2.416000,400273.000000,2.000000,1812.000000,1906.000000,845.000000,1986.000000,1787.000000,0.000000,0.000000,0.000000,0.000000,0.000000,0.000000,0.000000,0.000000,0.000000,-3.150000,0.670000,-8.660000,0.010000,0.000000,0.060000,33.880000,-6.380000,4.250000
2.418000,400274.000000,0.000000,1794.000000,1910.000000,867.000000,1974.000000,1838.000000,0.000000,0.000000,0.000000,0.000000,0.000000,0.000000,0.000000,0.000000,0.000000,-3.150000,0.670000,-8.660000,0.010000,0.000000,0.060000,33.880000,-6.380000,4.250000
2.420000,400275.000000,576.000000,1787.000000,1891.000000,897.000000,1991.000000,1808.000000,0.000000,0.000000,0.000000,0.000000,0.000000,0.000000,0.000000,0.000000,0.000000,-2.940000,0.650000,-8.520000,-0.020000,-0.020000,0.060000,32.880000,-6.690000,4.750000
2.422000,400276.000000,18.000000,1808.000000,1874.000000,890.000000,1971.000000,1838.000000,0.000000,0.000000,0.000000,0.000000,0.000000,0.000000,0.000000,0.000000,0.000000,-2.940000,0.650000,-8.520000,-0.020000,-0.020000,0.060000,32.880000,-6.690000,4.750000
2.424000,400277.000000,7.000000,1814.000000,1838.000000,897.000000,1984.000000,1852.000000,0.000000,0.000000,0.000000,0.000000,0.000000,0.000000,0.000000,0.000000,0.000000,-2.940000,0.650000,-8.520000,-0.020000,-0.020000,0.060000,32.880000,-6.690000,4.750000
2.426000,400278.000000,1.000000,1827.000000,1808.000000,887.000000,2016.000000,1884.000000,0.000000,0.000000,0.000000,0.000000,0.000000,0.000000,0.000000,0.000000,0.000000,-2.940000,0.650000,-8.520000,-0.020000,-0.020000,0.060000,32.880000,-6.690000,4.750000
2.428000,400279.000000,10.000000,1855.000000,1808.000000,951.000000,1990.000000,1916.000000,0.000000,0.000000,0.000000,0.000000,0.000000,0.000000,0.000000,0.000000,0.000000,-2.940000,0.650000,-8.520000,-0.020000,-0.020000,0.060000,32.880000,-6.690000,4.750000
2.430000,400280.000000,300.000000,1849.000000,1807.000000,915.000000,2000.000000,1808.000000,0.000000,0.000000,0.000000,0.000000,0.000000,0.000000,0.000000,0.000000,0.000000,-2.830000,0.680000,-8.550000,-0.020000,-0.020000,0.060000,32.880000,-6.690000,4.750000
2.432000,400281.000000,13.000000,1876.000000,1771.000000,887.000000,2016.000000,1791.000000,0.000000,0.000000,0.000000,0.000000,0.000000,0.000000,0.000000,0.000000,0.000000,-2.830000,0.680000,-8.550000,-0.020000,-0.020000,0.060000,32.880000,-6.690000,4.750000
2.434000,400282.000000,0.000000,1846.000000,1767.000000,846.000000,2000.000000,1735.000000,0.000000,0.000000,0.000000,0.000000,0.000000,0.000000,0.000000,0.000000,0.000000,-2.830000,0.680000,-8.550000,-0.020000,-0.020000,0.060000,32.880000,-6.690000,4.750000
2.436000,400283.000000,0.000000,1840.000000,1776.000000,831.000000,1991.000000,1776.000000,0.000000,0.000000,0.000000,0.000000,0.000000,0.000000,0.000000,0.000000,0.000000,-2.830000,0.680000,-8.550000,-0.020000,-0.020000,0.060000,32.880000,-6.690000,4.750000
2.438000,400284.000000,6.000000,1831.000000,1758.000000,854.000000,1957.000000,1830.000000,0.000000,0.000000,0.000000,0.000000,0.000000,0.000000,0.000000,0.000000,0.000000,-2.830000,0.680000,-8.550000,-0.020000,-0.020000,0.060000,32.880000,-6.690000,4.750000
2.440000,400285.000000,89.000000,1834.000000,1750.000000,863.000000,1929.000000,1818.000000,0.000000,0.000000,0.000000,0.000000,0.000000,0.000000,0.000000,0.000000,0.000000,-2.970000,0.790000,-8.600000,-0.040000,-0.010000,0.060000,32.880000,-6.690000,4.750000
2.442000,400286.000000,16.000000,1841.000000,1715.000000,858.000000,1897.000000,1825.000000,0.000000,0.000000,0.000000,0.000000,0.000000,0.000000,0.000000,0.000000,0.000000,-2.970000,0.790000,-8.600000,-0.040000,-0.010000,0.060000,32.880000,-6.690000,4.750000
2.444000,400287.000000,0.000000,1845.000000,1745.000000,869.000000,1856.000000,1840.000000,0.000000,0.000000,0.000000,0.000000,0.000000,0.000000,0.000000,0.000000,0.000000,-2.970000,0.790000,-8.600000,-0.040000,-0.010000,0.060000,32.880000,-6.690000,4.750000
2.446000,400288.000000,1.000000,1840.000000,1738.000000,875.000000,1807.000000,1858.000000,0.000000,0.000000,0.000000,0.000000,0.000000,0.000000,0.000000,0.000000,0.000000,-2.970000,0.790000,-8.600000,-0.040000,-0.010000,0.060000,32.880000,-6.690000,4.750000
2.448000,400289.000000,11.000000,1873.000000,1781.000000,927.000000,1775.000000,1872.000000,0.000000,0.000000,0.000000,0.000000,0.000000,0.000000,0.000000,0.000000,0.000000,-2.970000,0.790000,-8.600000,-0.040000,-0.010000,0.060000,32.880000,-6.690000,4.750000
2.450000,400290.000000,607.000000,1883.000000,1776.000000,895.000000,1744.000000,1795.000000,0.000000,0.000000,0.000000,0.000000,0.000000,0.000000,0.000000,0.000000,0.000000,-3.010000,0.790000,-8.410000,-0.080000,0.000000,0.070000,32.880000,-6.690000,4.750000
2.452000,400291.000000,16.000000,1875.000000,1802.000000,847.000000,1685.000000,1789.000000,0.000000,0.000000,0.000000,0.000000,0.000000,0.000000,0.000000,0.000000,0.000000,-3.010000,0.790000,-8.410000,-0.080000,0.000000,0.070000,32.880000,-6.690000,4.750000
2.454000,400292.000000,0.000000,1849.000000,1827.000000,801.000000,1659.000000,1728.000000,0.000000,0.000000,0.000000,0.000000,0.000000,0.000000,0.000000,0.000000,0.000000,-3.010000,0.790000,-8.410000,-0.080000,0.000000,0.070000,32.880000,-6.690000,4.750000
2.456000,400293.000000,0.000000,1829.000000,1849.000000,795.000000,1633.000000,1740.000000,0.000000,0.000000,0.000000,0.000000,0.000000,0.000000,0.000000,0.000000,0.000000,-3.010000,0.790000,-8.410000,-0.080000,0.000000,0.070000,32.880000,-6.690000,4.750000
2.458000,400294.000000,0.000000,1822.000000,1841.000000,820.000000,1595.000000,1817.000000,0.000000,0.000000,0.000000,0.000000,0.000000,0.000000,0.000000,0.000000,0.000000,-3.010000,0.790000,-8.410000,-0.080000,0.000000,0.070000,32.880000,-6.690000,4.750000
2.460000,400295.000000,576.000000,1807.000000,1879.000000,829.000000,1595.000000,1783.000000,0.000000,0.000000,0.000000,0.000000,0.000000,0.000000,0.000000,0.000000,0.000000,-2.950000,0.730000,-8.420000,-0.120000,0.030000,0.070000,32.880000,-6.690000,4.750000
2.462000,400296.000000,18.000000,1824.000000,1872.000000,817.000000,1571.000000,1824.000000,0.000000,0.000000,0.000000,0.000000,0.000000,0.000000,0.000000,0.000000,0.000000,-2.950000,0.730000,-8.420000,-0.120000,0.030000,0.070000,32.880000,-6.690000,4.750000
2.464000,400297.000000,12.000000,1833.000000,1885.000000,854.000000,1535.000000,1822.000000,0.000000,0.000000,0.000000,0.000000,0.000000,0.000000,0.000000,0.000000,0.000000,-2.950000,0.730000,-8.420000,-0.120000,0.030000,0.070000,32.880000,-6.690000,4.750000
2.466000,400298.000000,0.000000,1820.000000,1909.000000,851.000000,1523.000000,1855.000000,0.000000,0.000000,0.000000,0.000000,0.000000,0.000000,0.000000,0.000000,0.000000,-2.950000,0.730000,-8.420000,-0.120000,0.030000,0.070000,32.880000,-6.690000,4.750000
2.468000,400299.000000,10.000000,1838.000000,1953.000000,891.000000,1511.000000,1885.000000,0.000000,0.000000,0.000000,0.000000,0.000000,0.000000,0.000000,0.000000,0.000000,-2.950000,0.730000,-8.420000,-0.120000,0.030000,0.070000,32.880000,-6.690000,4.750000
2.470000,400300.000000,595.000000,1861.000000,1927.000000,859.000000,1520.000000,1776.000000,0.000000,0.000000,0.000000,0.000000,0.000000,0.000000,0.000000,0.000000,0.000000,-2.760000,0.650000,-8.450000,-0.150000,0.030000,0.060000,33.880000,-6.690000,4.750000
2.472000,400301.000000,20.000000,1844.000000,1941.000000,842.000000,1529.000000,1781.000000,0.000000,0.000000,0.000000,0.000000,0.000000,0.000000,0.000000,0.000000,0.000000,-2.760000,0.650000,-8.450000,-0.150000,0.030000,0.060000,33.880000,-6.690000,4.750000
2.474000,400302.000000,0.000000,1844.000000,1956.000000,789.000000,1519.000000,1741.000000,0.000000,0.000000,0.000000,0.000000,0.000000,0.000000,0.000000,0.000000,0.000000,-2.760000,0.650000,-8.450000,-0.150000,0.030000,0.060000,33.880000,-6.690000,4.750000
2.476000,400303.000000,7.000000,1844.000000,1936.000000,784.000000,1525.000000,1731.000000,0.000000,0.000000,0.000000,0.000000,0.000000,0.000000,0.000000,0.000000,0.000000,-2.760000,0.650000,-8.450000,-0.150000,0.030000,0.060000,33.880000,-6.690000,4.750000
2.478000,400304.000000,2.000000,1831.000000,1941.000000,814.000000,1520.000000,1799.000000,0.000000,0.000000,0.000000,0.000000,0.000000,0.000000,0.000000,0.000000,0.000000,-2.760000,0.650000,-8.450000,-0.150000,0.030000,0.060000,33.880000,-6.690000,4.750000
2.480000,400305.000000,582.000000,1822.000000,1947.000000,824.000000,1521.000000,1783.000000,0.000000,0.000000,0.000000,0.000000,0.000000,0.000000,0.000000,0.000000,0.000000,-2.870000,0.620000,-8.480000,-0.150000,0.030000,0.060000,33.880000,-6.690000,4.750000
2.482000,400306.000000,16.000000,1834.000000,1949.000000,826.000000,1535.000000,1815.000000,0.000000,0.000000,0.000000,0.000000,0.000000,0.000000,0.000000,0.000000,0.000000,-2.870000,0.620000,-8.480000,-0.150000,0.030000,0.060000,33.880000,-6.690000,4.750000
2.484000,400307.000000,1.000000,1839.000000,1943.000000,848.000000,1535.000000,1810.000000,0.000000,0.000000,0.000000,0.000000,0.000000,0.000000,0.000000,0.000000,0.000000,-2.870000,0.620000,-8.480000,-0.150000,0.030000,0.060000,33.880000,-6.690000,4.750000
2.486000,400308.000000,0.000000,1840.000000,1924.000000,842.000000,1583.000000,1872.000000,0.000000,0.000000,0.000000,0.000000,0.000000,0.000000,0.000000,0.000000,0.000000,-2.870000,0.620000,-8.480000,-0.150000,0.030000,0.060000,33.880000,-6.690000,4.750000
2.488000,400309.000000,13.000000,1858.000000,1949.000000,880.000000,1568.000000,1877.000000,0.000000,0.000000,0.000000,0.000000,0.000000,0.000000,0.000000,0.000000,0.000000,-2.870000,0.620000,-8.480000,-0.150000,0.030000,0.060000,33.880000,-6.690000,4.750000
2.490000,400310.000000,64.000000,1842.000000,1952.000000,842.000000,1611.000000,1798.000000,0.000000,0.000000,0.000000,0.000000,0.000000,0.000000,0.000000,0.000000,0.000000,-3.010000,0.580000,-8.590000,-0.160000,0.000000,0.050000,33.880000,-6.690000,4.750000
2.492000,400311.000000,20.000000,1850.000000,1939.000000,841.000000,1650.000000,1767.000000,0.000000,0.000000,0.000000,0.000000,0.000000,0.000000,0.000000,0.000000,0.000000,-3.010000,0.580000,-8.590000,-0.160000,0.000000,0.050000,33.880000,-6.690000,4.750000
2.494000,400312.000000,0.000000,1839.000000,1959.000000,769.000000,1639.000000,1728.000000,0.000000,0.000000,0.000000,0.000000,0.000000,0.000000,0.000000,0.000000,0.000000,-3.010000,0.580000,-8.590000,-0.160000,0.000000,0.050000,33.880000,-6.690000,4.750000
2.496000,400313.000000,0.000000,1811.000000,1979.000000,774.000000,1680.000000,1754.000000,0.000000,0.000000,0.000000,0.000000,0.000000,0.000000,0.000000,0.000000,0.000000,-3.010000,0.580000,-8.590000,-0.160000,0.000000,0.050000,33.880000,-6.690000,4.750000
2.498000,400314.000000,0.000000,1792.000000,1982.000000,805.000000,1690.000000,1823.000000,0.000000,0.000000,0.000000,0.000000,0.000000,0.000000,0.000000,0.000000,0.000000,-3.010000,0.580000,-8.590000,-0.160000,0.000000,0.050000,33.880000,-6.690000,4.750000
2.500000,400315.000000,575.000000,1836.000000,1984.000000,816.000000,1722.000000,1793.000000,0.000000,0.000000,0.000000,0.000000,0.000000,0.000000,0.000000,0.000000,0.000000,-3.220000,0.480000,-8.580000,-0.150000,-0.020000,0.040000,33.880000,-6.690000,4.750000
2.502000,400316.000000,16.000000,1792.000000,2021.000000,835.000000,1723.000000,1846.000000,0.000000,0.000000,0.000000,0.000000,0.000000,0.000000,0.000000,0.000000,0.000000,-3.220000,0.480000,-8.580000,-0.150000,-0.020000,0.040000,33.880000,-6.690000,4.750000
2.504000,400317.000000,16.000000,1830.000000,2017.000000,848.000000,1783.000000,1849.000000,0.000000,0.000000,0.000000,0.000000,0.000000,0.000000,0.000000,0.000000,0.000000,-3.220000,0.480000,-8.580000,-0.150000,-0.020000,0.040000,33.880000,-6.690000,4.750000
2.506000,400318.000000,10.000000,1839.000000,2054.000000,854.000000,1775.000000,1904.000000,0.000000,0.000000,0.000000,0.000000,0.000000,0.000000,0.000000,0.000000,0.000000,-3.220000,0.480000,-8.580000,-0.150000,-0.020000,0.040000,33.880000,-6.690000,4.750000
2.508000,400319.000000,5.000000,1854.000000,2065.000000,896.000000,1781.000000,1894.000000,0.000000,0.000000,0.000000,0.000000,0.000000,0.000000,0.000000,0.000000,0.000000,-3.220000,0.480000,-8.580000,-0.150000,-0.020000,0.040000,33.880000,-6.690000,4.750000
2.510000,400320.000000,605.000000,1841.000000,2037.000000,871.000000,1808.000000,1791.000000,0.000000,0.000000,0.000000,0.000000,0.000000,0.000000,0.000000,0.000000,0.000000,-3.350000,0.440000,-8.780000,-0.170000,0.010000,0.030000,33.880000,-6.690000,4.750000
2.512000,400321.000000,16.000000,1850.000000,2096.000000,830.000000,1826.000000,1808.000000,0.000000,0.000000,0.000000,0.000000,0.000000,0.000000,0.000000,0.000000,0.000000,-3.350000,0.440000,-8.780000,-0.170000,0.010000,0.030000,33.880000,-6.690000,4.750000
2.514000,400322.000000,1.000000,1840.000000,2083.000000,801.000000,1847.000000,1776.000000,0.000000,0.000000,0.000000,0.000000,0.000000,0.000000,0.000000,0.000000,0.000000,-3.350000,0.440000,-8.780000,-0.170000,0.010000,0.030000,33.880000,-6.690000,4.750000
2.516000,400323.000000,0.000000,1833.000000,2079.000000,800.000000,1890.000000,1763.000000,0.000000,0.000000,0.000000,0.000000,0.000000,0.000000,0.000000,0.000000,0.000000,-3.350000,0.440000,-8.780000,-0.170000,0.010000,0.030000,33.880000,-6.690000,4.750000
2.518000,400324.000000,0.000000,1834.000000,2086.000000,807.000000,1904.000000,1851.000000,0.000000,0.000000,0.000000,0.000000,0.000000,0.000000,0.000000,0.000000,0.000000,-3.350000,0.440000,-8.780000,-0.170000,0.010000,0.030000,33.880000,-6.690000,4.750000
2.520000,400325.000000,11.000000,1839.000000,2097.000000,832.000000,1907.000000,1799.000000,0.000000,0.000000,0.000000,0.000000,0.000000,0.000000,0.000000,0.000000,0.000000,-3.250000,0.380000,-8.700000,-0.210000,0.070000,0.030000,33.380000,-7.000000,5.060000
2.522000,400326.000000,3.000000,1831.000000,2073.000000,837.000000,1961.000000,1872.000000,0.000000,0.000000,0.000000,0.000000,0.000000,0.000000,0.000000,0.000000,0.000000,-3.250000,0.380000,-8.700000,-0.210000,0.070000,0.030000,33.380000,-7.000000,5.060000
2.524000,400327.000000,7.000000,1826.000000,2087.000000,833.000000,1973.000000,1878.000000,0.000000,0.000000,0.000000,0.000000,0.000000,0.000000,0.000000,0.000000,0.000000,-3.250000,0.380000,-8.700000,-0.210000,0.070000,0.030000,33.380000,-7.000000,5.060000
2.526000,400328.000000,6.000000,1841.000000,2090.000000,859.000000,1989.000000,1916.000000,0.000000,0.000000,0.000000,0.000000,0.000000,0.000000,0.000000,0.000000,0.000000,-3.250000,0.380000,-8.700000,-0.210000,0.070000,0.030000,33.380000,-7.000000,5.060000
2.528000,400329.000000,13.000000,1855.000000,2075.000000,897.000000,1996.000000,1909.000000,0.000000,0.000000,0.000000,0.000000,0.000000,0.000000,0.000000,0.000000,0.000000,-3.250000,0.380000,-8.700000,-0.210000,0.070000,0.030000,33.380000,-7.000000,5.060000
2.530000,400330.000000,607.000000,1867.000000,2098.000000,839.000000,2031.000000,1833.000000,0.000000,0.000000,0.000000,0.000000,0.000000,0.000000,0.000000,0.000000,0.000000,-3.190000,0.410000,-8.680000,-0.210000,0.070000,0.030000,33.380000,-7.000000,5.060000
2.532000,400331.000000,29.000000,1873.000000,2111.000000,832.000000,2053.000000,1783.000000,0.000000,0.000000,0.000000,0.000000,0.000000,0.000000,0.000000,0.000000,0.000000,-3.190000,0.410000,-8.680000,-0.210000,0.070000,0.030000,33.380000,-7.000000,5.060000
2.534000,400332.000000,3.000000,1857.000000,2110.000000,783.000000,2059.000000,1783.000000,0.000000,0.000000,0.000000,0.000000,0.000000,0.000000,0.000000,0.000000,0.000000,-3.190000,0.410000,-8.680000,-0.210000,0.070000,0.030000,33.380000,-7.000000,5.060000
2.536000,400333.000000,9.000000,1860.000000,2112.000000,782.000000,2064.000000,1786.000000,0.000000,0.000000,0.000000,0.000000,0.000000,0.000000,0.000000,0.000000,0.000000,-3.190000,0.410000,-8.680000,-0.210000,0.070000,0.030000,33.380000,-7.000000,5.060000
2.538000,400334.000000,0.000000,1865.000000,2137.000000,832.000000,2074.000000,1876.000000,0.000000,0.000000,0.000000,0.000000,0.000000,0.000000,0.000000,0.000000,0.000000,-3.190000,0.410000,-8.680000,-0.210000,0.070000,0.030000,33.380000,-7.000000,5.060000
2.540000,400335.000000,423.000000,1847.000000,2141.000000,836.000000,2101.000000,1836.000000,0.000000,0.000000,0.000000,0.000000,0.000000,0.000000,0.000000,0.000000,0.000000,-3.270000,0.450000,-8.710000,-0.250000,0.110000,0.030000,33.380000,-7.000000,5.060000
2.542000,400336.000000,19.000000,1867.000000,2134.000000,855.000000,2078.000000,1851.000000,0.000000,0.000000,0.000000,0.000000,0.000000,0.000000,0.000000,0.000000,0.000000,-3.270000,0.450000,-8.710000,-0.250000,0.110000,0.030000,33.380000,-7.000000,5.060000
2.544000,400337.000000,16.000000,1885.000000,2167.000000,877.000000,2102.000000,1863.000000,0.000000,0.000000,0.000000,0.000000,0.000000,0.000000,0.000000,0.000000,0.000000,-3.270000,0.450000,-8.710000,-0.250000,0.110000,0.030000,33.380000,-7.000000,5.060000
2.546000,400338.000000,7.000000,1904.000000,2143.000000,866.000000,2129.000000,1946.000000,0.000000,0.000000,0.000000,0.000000,0.000000,0.000000,0.000000,0.000000,0.000000,-3.270000,0.450000,-8.710000,-0.250000,0.110000,0.030000,33.380000,-7.000000,5.060000
2.548000,400339.000000,15.000000,1919.000000,2191.000000,927.000000,2141.000000,1936.000000,0.000000,0.000000,0.000000,0.000000,0.000000,0.000000,0.000000,0.000000,0.000000,-3.270000,0.450000,-8.710000,-0.250000,0.110000,0.030000,33.380000,-7.000000,5.060000
2.550000,400340.000000,629.000000,1925.000000,2146.000000,874.000000,2130.000000,1836.000000,0.000000,0.000000,0.000000,0.000000,0.000000,0.000000,0.000000,0.000000,0.000000,-3.300000,0.450000,-9.070000,-0.300000,0.220000,0.030000,33.380000,-7.000000,5.060000
2.552000,400341.000000,16.000000,1910.000000,2173.000000,843.000000,2155.000000,1811.000000,0.000000,0.000000,0.000000,0.000000,0.000000,0.000000,0.000000,0.000000,0.000000,-3.300000,0.450000,-9.070000,-0.300000,0.220000,0.030000,33.380000,-7.000000,5.060000
2.554000,400342.000000,5.000000,1895.000000,2173.000000,811.000000,2134.000000,1807.000000,0.000000,0.000000,0.000000,0.000000,0.000000,0.000000,0.000000,0.000000,0.000000,-3.300000,0.450000,-9.070000,-0.300000,0.220000,0.030000,33.380000,-7.000000,5.060000
2.556000,400343.000000,2.000000,1873.000000,2176.000000,791.000000,2175.000000,1791.000000,0.000000,0.000000,0.000000,0.000000,0.000000,0.000000,0.000000,0.000000,0.000000,-3.300000,0.450000,-9.070000,-0.300000,0.220000,0.030000,33.380000,-7.000000,5.060000
2.558000,400344.000000,14.000000,1850.000000,2205.000000,838.000000,2158.000000,1878.000000,0.000000,0.000000,0.000000,0.000000,0.000000,0.000000,0.000000,0.000000,0.000000,-3.300000,0.450000,-9.070000,-0.300000,0.220000,0.030000,33.380000,-7.000000,5.060000
2.560000,400345.000000,612.000000,1881.000000,2224.000000,845.000000,2178.000000,1849.000000,0.000000,0.000000,0.000000,0.000000,0.000000,0.000000,0.000000,0.000000,0.000000,-3.090000,0.510000,-9.050000,-0.310000,0.260000,0.030000,33.380000,-7.000000,5.060000
2.562000,400346.000000,18.000000,1874.000000,2225.000000,851.000000,2187.000000,1862.000000,0.000000,0.000000,0.000000,0.000000,0.000000,0.000000,0.000000,0.000000,0.000000,-3.090000,0.510000,-9.050000,-0.310000,0.260000,0.030000,33.380000,-7.000000,5.060000
2.564000,400347.000000,9.000000,1873.000000,2234.000000,871.000000,2179.000000,1872.000000,0.000000,0.000000,0.000000,0.000000,0.000000,0.000000,0.000000,0.000000,0.000000,-3.090000,0.510000,-9.050000,-0.310000,0.260000,0.030000,33.380000,-7.000000,5.060000
2.566000,400348.000000,15.000000,1903.000000,2261.000000,870.000000,2171.000000,1957.000000,0.000000,0.000000,0.000000,0.000000,0.000000,0.000000,0.000000,0.000000,0.000000,-3.090000,0.510000,-9.050000,-0.310000,0.260000,0.030000,33.380000,-7.000000,5.060000
2.568000,400349.000000,16.000000,1905.000000,2287.000000,919.000000,2179.000000,1920.000000,0.000000,0.000000,0.000000,0.000000,0.000000,0.000000,0.000000,0.000000,0.000000,-3.090000,0.510000,-9.050000,-0.310000,0.260000,0.030000,33.380000,-7.000000,5.060000
2.570000,400350.000000,16.000000,1918.000000,2281.000000,881.000000,2192.000000,1819.000000,0.000000,0.000000,0.000000,0.000000,0.000000,0.000000,0.000000,0.000000,0.000000,-2.940000,0.540000,-9.080000,-0.300000,0.250000,0.020000,33.750000,-7.750000,4.750000
2.572000,400351.000000,7.000000,1904.000000,2301.000000,854.000000,2176.000000,1824.000000,0.000000,0.000000,0.000000,0.000000,0.000000,0.000000,0.000000,0.000000,0.000000,-2.940000,0.540000,-9.080000,-0.300000,0.250000,0.020000,33.750000,-7.750000,4.750000
2.574000,400352.000000,5.000000,1885.000000,2288.000000,810.000000,2178.000000,1818.000000,0.000000,0.000000,0.000000,0.000000,0.000000,0.000000,0.000000,0.000000,0.000000,-2.940000,0.540000,-9.080000,-0.300000,0.250000,0.020000,33.750000,-7.750000,4.750000
2.576000,400353.000000,9.000000,1872.000000,2288.000000,818.000000,2161.000000,1813.000000,0.000000,0.000000,0.000000,0.000000,0.000000,0.000000,0.000000,0.000000,0.000000,-2.940000,0.540000,-9.080000,-0.300000,0.250000,0.020000,33.750000,-7.750000,4.750000
2.578000,400354.000000,5.000000,1841.000000,2278.000000,855.000000,2153.000000,1879.000000,0.000000,0.000000,0.000000,0.000000,0.000000,0.000000,0.000000,0.000000,0.000000,-2.940000,0.540000,-9.080000,-0.300000,0.250000,0.020000,33.750000,-7.750000,4.750000
2.580000,400355.000000,594.000000,1863.000000,2301.000000,861.000000,2127.000000,1854.000000,0.000000,0.000000,0.000000,0.000000,0.000000,0.000000,0.000000,0.000000,0.000000,-2.800000,0.600000,-9.200000,-0.300000,0.250000,0.020000,33.750000,-7.750000,4.750000
2.582000,400356.000000,25.000000,1879.000000,2293.000000,859.000000,2125.000000,1866.000000,0.000000,0.000000,0.000000,0.000000,0.000000,0.000000,0.000000,0.000000,0.000000,-2.800000,0.600000,-9.200000,-0.300000,0.250000,0.020000,33.750000,-7.750000,4.750000
2.584000,400357.000000,11.000000,1873.000000,2304.000000,866.000000,2111.000000,1891.000000,0.000000,0.000000,0.000000,0.000000,0.000000,0.000000,0.000000,0.000000,0.000000,-2.800000,0.600000,-9.200000,-0.300000,0.250000,0.020000,33.750000,-7.750000,4.750000
2.586000,400358.000000,9.000000,1869.000000,2302.000000,879.000000,2086.000000,1943.000000,0.000000,0.000000,0.000000,0.000000,0.000000,0.000000,0.000000,0.000000,0.000000,-2.800000,0.600000,-9.200000,-0.300000,0.250000,0.020000,33.750000,-7.750000,4.750000
2.588000,400359.000000,17.000000,1901.000000,2258.000000,914.000000,2089.000000,1921.000000,0.000000,0.000000,0.000000,0.000000,0.000000,0.000000,0.000000,0.000000,0.000000,-2.800000,0.600000,-9.200000,-0.300000,0.250000,0.020000,33.750000,-7.750000,4.750000
2.590000,400360.000000,167.000000,1874.000000,2260.000000,887.000000,2071.000000,1851.000000,0.000000,0.000000,0.000000,0.000000,0.000000,0.000000,0.000000,0.000000,0.000000,-2.550000,0.720000,-9.360000,-0.310000,0.210000,0.010000,33.750000,-7.750000,4.750000
2.592000,400361.000000,14.000000,1872.000000,2274.000000,859.000000,2065.000000,1779.000000,0.000000,0.000000,0.000000,0.000000,0.000000,0.000000,0.000000,0.000000,0.000000,-2.550000,0.720000,-9.360000,-0.310000,0.210000,0.010000,33.750000,-7.750000,4.750000
2.594000,400362.000000,0.000000,1862.000000,2257.000000,815.000000,2067.000000,1783.000000,0.000000,0.000000,0.000000,0.000000,0.000000,0.000000,0.000000,0.000000,0.000000,-2.550000,0.720000,-9.360000,-0.310000,0.210000,0.010000,33.750000,-7.750000,4.750000
2.596000,400363.000000,0.000000,1851.000000,2239.000000,804.000000,2058.000000,1805.000000,0.000000,0.000000,0.000000,0.000000,0.000000,0.000000,0.000000,0.000000,0.000000,-2.550000,0.720000,-9.360000,-0.310000,0.210000,0.010000,33.750000,-7.750000,4.750000
2.598000,400364.000000,3.000000,1831.000000,2240.000000,847.000000,2043.000000,1865.000000,0.000000,0.000000,0.000000,0.000000,0.000000,0.000000,0.000000,0.000000,0.000000,-2.550000,0.720000,-9.360000,-0.310000,0.210000,0.010000,33.750000,-7.750000,4.750000
2.600000,400365.000000,595.000000,1840.000000,2203.000000,845.000000,2022.000000,1847.000000,0.000000,0.000000,0.000000,0.000000,0.000000,0.000000,0.000000,0.000000,0.000000,-2.650000,0.680000,-9.450000,-0.290000,0.170000,-0.020000,33.750000,-7.750000,4.750000
2.602000,400366.000000,19.000000,1846.000000,2192.000000,867.000000,2003.000000,1861.000000,0.000000,0.000000,0.000000,0.000000,0.000000,0.000000,0.000000,0.000000,0.000000,-2.650000,0.680000,-9.450000,-0.290000,0.170000,-0.020000,33.750000,-7.750000,4.750000
2.604000,400367.000000,10.000000,1847.000000,2171.000000,864.000000,2001.000000,1868.000000,0.000000,0.000000,0.000000,0.000000,0.000000,0.000000,0.000000,0.000000,0.000000,-2.650000,0.680000,-9.450000,-0.290000,0.170000,-0.020000,33.750000,-7.750000,4.750000
2.606000,400368.000000,16.000000,1849.000000,2163.000000,891.000000,2011.000000,1934.000000,0.000000,0.000000,0.000000,0.000000,0.000000,0.000000,0.000000,0.000000,0.000000,-2.650000,0.680000,-9.450000,-0.290000,0.170000,-0.020000,33.750000,-7.750000,4.750000
2.608000,400369.000000,8.000000,1876.000000,2174.000000,900.000000,2005.000000,1904.000000,0.000000,0.000000,0.000000,0.000000,0.000000,0.000000,0.000000,0.000000,0.000000,-2.650000,0.680000,-9.450000,-0.290000,0.170000,-0.020000,33.750000,-7.750000,4.750000
2.610000,400370.000000,64.000000,1872.000000,2155.000000,893.000000,1973.000000,1807.000000,0.000000,0.000000,0.000000,0.000000,0.000000,0.000000,0.000000,0.000000,0.000000,-2.820000,0.660000,-9.720000,-0.270000,0.140000,-0.020000,33.750000,-7.750000,4.750000
2.612000,400371.000000,0.000000,1877.000000,2123.000000,837.000000,1990.000000,1791.000000,0.000000,0.000000,0.000000,0.000000,0.000000,0.000000,0.000000,0.000000,0.000000,-2.820000,0.660000,-9.720000,-0.270000,0.140000,-0.020000,33.750000,-7.750000,4.750000
2.614000,400372.000000,0.000000,1856.000000,2096.000000,817.000000,1999.000000,1796.000000,0.000000,0.000000,0.000000,0.000000,0.000000,0.000000,0.000000,0.000000,0.000000,-2.820000,0.660000,-9.720000,-0.270000,0.140000,-0.020000,33.750000,-7.750000,4.750000
2.616000,400373.000000,0.000000,1840.000000,2096.000000,809.000000,1981.000000,1782.000000,0.000000,0.000000,0.000000,0.000000,0.000000,0.000000,0.000000,0.000000,0.000000,-2.820000,0.660000,-9.720000,-0.270000,0.140000,-0.020000,33.750000,-7.750000,4.750000
2.618000,400374.000000,2.000000,1842.000000,2098.000000,848.000000,1983.000000,1830.000000,0.000000,0.000000,0.000000,0.000000,0.000000,0.000000,0.000000,0.000000,0.000000,-2.820000,0.660000,-9.720000,-0.270000,0.140000,-0.020000,33.750000,-7.750000,4.750000
2.620000,400375.000000,576.000000,1839.000000,2111.000000,849.000000,1975.000000,1813.000000,0.000000,0.000000,0.000000,0.000000,0.000000,0.000000,0.000000,0.000000,0.000000,-2.810000,0.750000,-9.860000,-0.250000,0.110000,-0.020000,32.380000,-7.000000,4.750000
2.622000,400376.000000,23.000000,1853.000000,2095.000000,854.000000,1992.000000,1857.000000,0.000000,0.000000,0.000000,0.000000,0.000000,0.000000,0.000000,0.000000,0.000000,-2.810000,0.750000,-9.860000,-0.250000,0.110000,-0.020000,32.380000,-7.000000,4.750000
2.624000,400377.000000,10.000000,1867.000000,2126.000000,882.000000,1989.000000,1843.000000,0.000000,0.000000,0.000000,0.000000,0.000000,0.000000,0.000000,0.000000,0.000000,-2.810000,0.750000,-9.860000,-0.250000,0.110000,-0.020000,32.380000,-7.000000,4.750000
2.626000,400378.000000,12.000000,1873.000000,2109.000000,909.000000,1952.000000,1936.000000,0.000000,0.000000,0.000000,0.000000,0.000000,0.000000,0.000000,0.000000,0.000000,-2.810000,0.750000,-9.860000,-0.250000,0.110000,-0.020000,32.380000,-7.000000,4.750000
2.628000,400379.000000,11.000000,1893.000000,2096.000000,927.000000,1970.000000,1892.000000,0.000000,0.000000,0.000000,0.000000,0.000000,0.000000,0.000000,0.000000,0.000000,-2.810000,0.750000,-9.860000,-0.250000,0.110000,-0.020000,32.380000,-7.000000,4.750000
2.630000,400380.000000,615.000000,1906.000000,2100.000000,912.000000,1936.000000,1808.000000,0.000000,0.000000,0.000000,0.000000,0.000000,0.000000,0.000000,0.000000,0.000000,-2.860000,1.000000,-9.810000,-0.250000,0.110000,-0.020000,32.380000,-7.000000,4.750000
2.632000,400381.000000,16.000000,1879.000000,2103.000000,858.000000,1924.000000,1767.000000,0.000000,0.000000,0.000000,0.000000,0.000000,0.000000,0.000000,0.000000,0.000000,-2.860000,1.000000,-9.810000,-0.250000,0.110000,-0.020000,32.380000,-7.000000,4.750000
2.634000,400382.000000,0.000000,1855.000000,2080.000000,821.000000,1933.000000,1807.000000,0.000000,0.000000,0.000000,0.000000,0.000000,0.000000,0.000000,0.000000,0.000000,-2.860000,1.000000,-9.810000,-0.250000,0.110000,-0.020000,32.380000,-7.000000,4.750000
2.636000,400383.000000,0.000000,1854.000000,2096.000000,817.000000,1925.000000,1787.000000,0.000000,0.000000,0.000000,0.000000,0.000000,0.000000,0.000000,0.000000,0.000000,-2.860000,1.000000,-9.810000,-0.250000,0.110000,-0.020000,32.380000,-7.000000,4.750000
2.638000,400384.000000,16.000000,1862.000000,2096.000000,869.000000,1904.000000,1853.000000,0.000000,0.000000,0.000000,0.000000,0.000000,0.000000,0.000000,0.000000,0.000000,-2.860000,1.000000,-9.810000,-0.250000,0.110000,-0.020000,32.380000,-7.000000,4.750000
2.640000,400385.000000,254.000000,1863.000000,2103.000000,861.000000,1904.000000,1842.000000,0.000000,0.000000,0.000000,0.000000,0.000000,0.000000,0.000000,0.000000,0.000000,-2.870000,1.020000,-9.850000,-0.230000,0.090000,-0.020000,32.380000,-7.000000,4.750000
2.642000,400386.000000,20.000000,1854.000000,2128.000000,871.000000,1872.000000,1863.000000,0.000000,0.000000,0.000000,0.000000,0.000000,0.000000,0.000000,0.000000,0.000000,-2.870000,1.020000,-9.850000,-0.230000,0.090000,-0.020000,32.380000,-7.000000,4.750000
2.644000,400387.000000,9.000000,1853.000000,2115.000000,911.000000,1889.000000,1851.000000,0.000000,0.000000,0.000000,0.000000,0.000000,0.000000,0.000000,0.000000,0.000000,-2.870000,1.020000,-9.850000,-0.230000,0.090000,-0.020000,32.380000,-7.000000,4.750000
2.646000,400388.000000,19.000000,1892.000000,2096.000000,913.000000,1872.000000,1937.000000,0.000000,0.000000,0.000000,0.000000,0.000000,0.000000,0.000000,0.000000,0.000000,-2.870000,1.020000,-9.850000,-0.230000,0.090000,-0.020000,32.380000,-7.000000,4.750000
2.648000,400389.000000,14.000000,1968.000000,2112.000000,932.000000,1879.000000,1900.000000,0.000000,0.000000,0.000000,0.000000,0.000000,0.000000,0.000000,0.000000,0.000000,-2.870000,1.020000,-9.850000,-0.230000,0.090000,-0.020000,32.380000,-7.000000,4.750000
2.650000,400390.000000,651.000000,2001.000000,2077.000000,880.000000,1887.000000,1808.000000,0.000000,0.000000,0.000000,0.000000,0.000000,0.000000,0.000000,0.000000,0.000000,-2.950000,1.040000,-9.950000,-0.180000,0.080000,-0.050000,32.380000,-7.000000,4.750000
2.652000,400391.000000,16.000000,1965.000000,2096.000000,858.000000,1891.000000,1781.000000,0.000000,0.000000,0.000000,0.000000,0.000000,0.000000,0.000000,0.000000,0.000000,-2.950000,1.040000,-9.950000,-0.180000,0.080000,-0.050000,32.380000,-7.000000,4.750000
2.654000,400392.000000,0.000000,1922.000000,2109.000000,816.000000,1885.000000,1801.000000,0.000000,0.000000,0.000000,0.000000,0.000000,0.000000,0.000000,0.000000,0.000000,-2.950000,1.040000,-9.950000,-0.180000,0.080000,-0.050000,32.380000,-7.000000,4.750000
2.656000,400393.000000,0.000000,1887.000000,2080.000000,837.000000,1865.000000,1805.000000,0.000000,0.000000,0.000000,0.000000,0.000000,0.000000,0.000000,0.000000,0.000000,-2.950000,1.040000,-9.950000,-0.180000,0.080000,-0.050000,32.380000,-7.000000,4.750000
2.658000,400394.000000,0.000000,1873.000000,2054.000000,875.000000,1889.000000,1862.000000,0.000000,0.000000,0.000000,0.000000,0.000000,0.000000,0.000000,0.000000,0.000000,-2.950000,1.040000,-9.950000,-0.180000,0.080000,-0.050000,32.380000,-7.000000,4.750000
2.660000,400395.000000,109.000000,1904.000000,2075.000000,863.000000,1923.000000,1823.000000,0.000000,0.000000,0.000000,0.000000,0.000000,0.000000,0.000000,0.000000,0.000000,-2.940000,0.920000,-10.180000,-0.170000,0.070000,-0.060000,32.380000,-7.000000,4.750000
2.662000,400396.000000,5.000000,1861.000000,2085.000000,886.000000,1895.000000,1841.000000,0.000000,0.000000,0.000000,0.000000,0.000000,0.000000,0.000000,0.000000,0.000000,-2.940000,0.920000,-10.180000,-0.170000,0.070000,-0.060000,32.380000,-7.000000,4.750000
2.664000,400397.000000,15.000000,1885.000000,2081.000000,895.000000,1910.000000,1867.000000,0.000000,0.000000,0.000000,0.000000,0.000000,0.000000,0.000000,0.000000,0.000000,-2.940000,0.920000,-10.180000,-0.170000,0.070000,-0.060000,32.380000,-7.000000,4.750000
2.666000,400398.000000,21.000000,1872.000000,2081.000000,925.000000,1904.000000,1931.000000,0.000000,0.000000,0.000000,0.000000,0.000000,0.000000,0.000000,0.000000,0.000000,-2.940000,0.920000,-10.180000,-0.170000,0.070000,-0.060000,32.380000,-7.000000,4.750000
2.668000,400399.000000,16.000000,1904.000000,2093.000000,933.000000,1936.000000,1878.000000,0.000000,0.000000,0.000000,0.000000,0.000000,0.000000,0.000000,0.000000,0.000000,-2.940000,0.920000,-10.180000,-0.170000,0.070000,-0.060000,32.380000,-7.000000,4.750000
2.670000,400400.000000,623.000000,1927.000000,2081.000000,888.000000,1945.000000,1810.000000,0.000000,0.000000,0.000000,0.000000,0.000000,0.000000,0.000000,0.000000,0.000000,-2.880000,1.060000,-10.160000,-0.160000,0.090000,-0.060000,32.750000,-7.750000,5.060000
2.672000,400401.000000,11.000000,1903.000000,2059.000000,871.000000,1933.000000,1786.000000,0.000000,0.000000,0.000000,0.000000,0.000000,0.000000,0.000000,0.000000,0.000000,-2.880000,1.060000,-10.160000,-0.160000,0.090000,-0.060000,32.750000,-7.750000,5.060000
2.674000,400402.000000,1.000000,1873.000000,2064.000000,851.000000,1945.000000,1808.000000,0.000000,0.000000,0.000000,0.000000,0.000000,0.000000,0.000000,0.000000,0.000000,-2.880000,1.060000,-10.160000,-0.160000,0.090000,-0.060000,32.750000,-7.750000,5.060000
2.676000,400403.000000,0.000000,1860.000000,2064.000000,842.000000,1937.000000,1819.000000,0.000000,0.000000,0.000000,0.000000,0.000000,0.000000,0.000000,0.000000,0.000000,-2.880000,1.060000,-10.160000,-0.160000,0.090000,-0.060000,32.750000,-7.750000,5.060000
2.678000,400404.000000,5.000000,1875.000000,2086.000000,886.000000,1953.000000,1855.000000,0.000000,0.000000,0.000000,0.000000,0.000000,0.000000,0.000000,0.000000,0.000000,-2.880000,1.060000,-10.160000,-0.160000,0.090000,-0.060000,32.750000,-7.750000,5.060000
2.680000,400405.000000,598.000000,1901.000000,2081.000000,885.000000,1943.000000,1829.000000,0.000000,0.000000,0.000000,0.000000,0.000000,0.000000,0.000000,0.000000,0.000000,-2.690000,1.150000,-10.070000,-0.160000,0.090000,-0.060000,32.750000,-7.750000,5.060000
2.682000,400406.000000,21.000000,1893.000000,2100.000000,895.000000,1971.000000,1872.000000,0.000000,0.000000,0.000000,0.000000,0.000000,0.000000,0.000000,0.000000,0.000000,-2.690000,1.150000,-10.070000,-0.160000,0.090000,-0.060000,32.750000,-7.750000,5.060000
2.684000,400407.000000,6.000000,1872.000000,2080.000000,899.000000,1939.000000,1855.000000,0.000000,0.000000,0.000000,0.000000,0.000000,0.000000,0.000000,0.000000,0.000000,-2.690000,1.150000,-10.070000,-0.160000,0.090000,-0.060000,32.750000,-7.750000,5.060000
2.686000,400408.000000,10.000000,1901.000000,2085.000000,940.000000,1948.000000,1929.000000,0.000000,0.000000,0.000000,0.000000,0.000000,0.000000,0.000000,0.000000,0.000000,-2.690000,1.150000,-10.070000,-0.160000,0.090000,-0.060000,32.750000,-7.750000,5.060000
2.688000,400409.000000,14.000000,1907.000000,2086.000000,944.000000,1963.000000,1879.000000,0.000000,0.000000,0.000000,0.000000,0.000000,0.000000,0.000000,0.000000,0.000000,-2.690000,1.150000,-10.070000,-0.160000,0.090000,-0.060000,32.750000,-7.750000,5.060000
2.690000,400410.000000,111.000000,1904.000000,2078.000000,912.000000,1939.000000,1814.000000,0.000000,0.000000,0.000000,0.000000,0.000000,0.000000,0.000000,0.000000,0.000000,-2.590000,1.150000,-9.830000,-0.110000,0.090000,-0.060000,32.750000,-7.750000,5.060000
2.692000,400411.000000,32.000000,1882.000000,2102.000000,866.000000,1921.000000,1779.000000,0.000000,0.000000,0.000000,0.000000,0.000000,0.000000,0.000000,0.000000,0.000000,-2.590000,1.150000,-9.830000,-0.110000,0.090000,-0.060000,32.750000,-7.750000,5.060000
2.694000,400412.000000,6.000000,1866.000000,2059.000000,839.000000,1923.000000,1783.000000,0.000000,0.000000,0.000000,0.000000,0.000000,0.000000,0.000000,0.000000,0.000000,-2.590000,1.150000,-9.830000,-0.110000,0.090000,-0.060000,32.750000,-7.750000,5.060000
2.696000,400413.000000,0.000000,1826.000000,2058.000000,837.000000,1922.000000,1830.000000,0.000000,0.000000,0.000000,0.000000,0.000000,0.000000,0.000000,0.000000,0.000000,-2.590000,1.150000,-9.830000,-0.110000,0.090000,-0.060000,32.750000,-7.750000,5.060000
2.698000,400414.000000,3.000000,1842.000000,2078.000000,865.000000,1898.000000,1856.000000,0.000000,0.000000,0.000000,0.000000,0.000000,0.000000,0.000000,0.000000,0.000000,-2.590000,1.150000,-9.830000,-0.110000,0.090000,-0.060000,32.750000,-7.750000,5.060000
2.700000,400415.000000,144.000000,1840.000000,2032.000000,884.000000,1889.000000,1813.000000,0.000000,0.000000,0.000000,0.000000,0.000000,0.000000,0.000000,0.000000,0.000000,-2.520000,0.870000,-9.860000,-0.050000,0.000000,-0.070000,32.750000,-7.750000,5.060000
2.702000,400416.000000,2.000000,1840.000000,2043.000000,880.000000,1888.000000,1851.000000,0.000000,0.000000,0.000000,0.000000,0.000000,0.000000,0.000000,0.000000,0.000000,-2.520000,0.870000,-9.860000,-0.050000,0.000000,-0.070000,32.750000,-7.750000,5.060000
2.704000,400417.000000,14.000000,1840.000000,2025.000000,881.000000,1881.000000,1851.000000,0.000000,0.000000,0.000000,0.000000,0.000000,0.000000,0.000000,0.000000,0.000000,-2.520000,0.870000,-9.860000,-0.050000,0.000000,-0.070000,32.750000,-7.750000,5.060000
2.706000,400418.000000,16.000000,1852.000000,2026.000000,932.000000,1907.000000,1933.000000,0.000000,0.000000,0.000000,0.000000,0.000000,0.000000,0.000000,0.000000,0.000000,-2.520000,0.870000,-9.860000,-0.050000,0.000000,-0.070000,32.750000,-7.750000,5.060000
2.708000,400419.000000,15.000000,1867.000000,2003.000000,912.000000,1920.000000,1888.000000,0.000000,0.000000,0.000000,0.000000,0.000000,0.000000,0.000000,0.000000,0.000000,-2.520000,0.870000,-9.860000,-0.050000,0.000000,-0.070000,32.750000,-7.750000,5.060000
2.710000,400420.000000,604.000000,1888.000000,1982.000000,874.000000,1907.000000,1823.000000,0.000000,0.000000,0.000000,0.000000,0.000000,0.000000,0.000000,0.000000,0.000000,-2.480000,0.800000,-10.040000,-0.040000,0.000000,-0.060000,32.750000,-7.750000,5.060000
2.712000,400421.000000,16.000000,1869.000000,1983.000000,837.000000,1936.000000,1785.000000,0.000000,0.000000,0.000000,0.000000,0.000000,0.000000,0.000000,0.000000,0.000000,-2.480000,0.800000,-10.040000,-0.040000,0.000000,-0.060000,32.750000,-7.750000,5.060000
2.714000,400422.000000,6.000000,1855.000000,1978.000000,811.000000,1930.000000,1787.000000,0.000000,0.000000,0.000000,0.000000,0.000000,0.000000,0.000000,0.000000,0.000000,-2.480000,0.800000,-10.040000,-0.040000,0.000000,-0.060000,32.750000,-7.750000,5.060000
2.716000,400423.000000,0.000000,1838.000000,1957.000000,816.000000,1940.000000,1833.000000,0.000000,0.000000,0.000000,0.000000,0.000000,0.000000,0.000000,0.000000,0.000000,-2.480000,0.800000,-10.040000,-0.040000,0.000000,-0.060000,32.750000,-7.750000,5.060000
2.718000,400424.000000,2.000000,1810.000000,1945.000000,871.000000,1927.000000,1854.000000,0.000000,0.000000,0.000000,0.000000,0.000000,0.000000,0.000000,0.000000,0.000000,-2.480000,0.800000,-10.040000,-0.040000,0.000000,-0.060000,32.750000,-7.750000,5.060000
2.720000,400425.000000,579.000000,1839.000000,1968.000000,862.000000,1931.000000,1818.000000,0.000000,0.000000,0.000000,0.000000,0.000000,0.000000,0.000000,0.000000,0.000000,-2.520000,0.860000,-10.050000,-0.040000,0.000000,-0.040000,32.000000,-7.000000,4.750000
2.722000,400426.000000,16.000000,1813.000000,1957.000000,878.000000,1918.000000,1861.000000,0.000000,0.000000,0.000000,0.000000,0.000000,0.000000,0.000000,0.000000,0.000000,-2.520000,0.860000,-10.050000,-0.040000,0.000000,-0.040000,32.000000,-7.000000,4.750000
2.724000,400427.000000,10.000000,1817.000000,1967.000000,894.000000,1927.000000,1839.000000,0.000000,0.000000,0.000000,0.000000,0.000000,0.000000,0.000000,0.000000,0.000000,-2.520000,0.860000,-10.050000,-0.040000,0.000000,-0.040000,32.000000,-7.000000,4.750000
2.726000,400428.000000,10.000000,1843.000000,1982.000000,933.000000,1918.000000,1925.000000,0.000000,0.000000,0.000000,0.000000,0.000000,0.000000,0.000000,0.000000,0.000000,-2.520000,0.860000,-10.050000,-0.040000,0.000000,-0.040000,32.000000,-7.000000,4.750000
2.728000,400429.000000,15.000000,1851.000000,1960.000000,936.000000,1913.000000,1871.000000,0.000000,0.000000,0.000000,0.000000,0.000000,0.000000,0.000000,0.000000,0.000000,-2.520000,0.860000,-10.050000,-0.040000,0.000000,-0.040000,32.000000,-7.000000,4.750000
2.730000,400430.000000,594.000000,1854.000000,2011.000000,879.000000,1931.000000,1795.000000,0.000000,0.000000,0.000000,0.000000,0.000000,0.000000,0.000000,0.000000,0.000000,-2.550000,0.980000,-9.970000,-0.040000,0.000000,-0.040000,32.000000,-7.000000,4.750000
2.732000,400431.000000,13.000000,1829.000000,2008.000000,853.000000,1907.000000,1757.000000,0.000000,0.000000,0.000000,0.000000,0.000000,0.000000,0.000000,0.000000,0.000000,-2.550000,0.980000,-9.970000,-0.040000,0.000000,-0.040000,32.000000,-7.000000,4.750000
2.734000,400432.000000,0.000000,1815.000000,2017.000000,816.000000,1904.000000,1783.000000,0.000000,0.000000,0.000000,0.000000,0.000000,0.000000,0.000000,0.000000,0.000000,-2.550000,0.980000,-9.970000,-0.040000,0.000000,-0.040000,32.000000,-7.000000,4.750000
2.736000,400433.000000,7.000000,1821.000000,1999.000000,851.000000,1876.000000,1827.000000,0.000000,0.000000,0.000000,0.000000,0.000000,0.000000,0.000000,0.000000,0.000000,-2.550000,0.980000,-9.970000,-0.040000,0.000000,-0.040000,32.000000,-7.000000,4.750000
2.738000,400434.000000,5.000000,1829.000000,1952.000000,887.000000,1876.000000,1851.000000,0.000000,0.000000,0.000000,0.000000,0.000000,0.000000,0.000000,0.000000,0.000000,-2.550000,0.980000,-9.970000,-0.040000,0.000000,-0.040000,32.000000,-7.000000,4.750000
2.740000,400435.000000,111.000000,1853.000000,1970.000000,902.000000,1922.000000,1835.000000,0.000000,0.000000,0.000000,0.000000,0.000000,0.000000,0.000000,0.000000,0.000000,-2.720000,0.930000,-9.530000,-0.030000,0.010000,-0.030000,32.000000,-7.000000,4.750000
2.742000,400436.000000,16.000000,1858.000000,1973.000000,886.000000,1887.000000,1856.000000,0.000000,0.000000,0.000000,0.000000,0.000000,0.000000,0.000000,0.000000,0.000000,-2.720000,0.930000,-9.530000,-0.030000,0.010000,-0.030000,32.000000,-7.000000,4.750000
2.744000,400437.000000,12.000000,1867.000000,1966.000000,896.000000,1883.000000,2047.000000,0.000000,0.000000,0.000000,0.000000,0.000000,0.000000,0.000000,0.000000,0.000000,-2.720000,0.930000,-9.530000,-0.030000,0.010000,-0.030000,32.000000,-7.000000,4.750000
2.746000,400438.000000,32.000000,1870.000000,1957.000000,957.000000,1897.000000,2146.000000,0.000000,0.000000,0.000000,0.000000,0.000000,0.000000,0.000000,0.000000,0.000000,-2.720000,0.930000,-9.530000,-0.030000,0.010000,-0.030000,32.000000,-7.000000,4.750000
2.748000,400439.000000,25.000000,1888.000000,1973.000000,944.000000,1907.000000,2047.000000,0.000000,0.000000,0.000000,0.000000,0.000000,0.000000,0.000000,0.000000,0.000000,-2.720000,0.930000,-9.530000,-0.030000,0.010000,-0.030000,32.000000,-7.000000,4.750000
2.750000,400440.000000,17.000000,1895.000000,1953.000000,903.000000,1915.000000,1949.000000,0.000000,0.000000,0.000000,0.000000,0.000000,0.000000,0.000000,0.000000,0.000000,-2.660000,0.930000,-9.590000,0.000000,-0.040000,0.000000,32.000000,-7.000000,4.750000
2.752000,400441.000000,5.000000,1883.000000,1949.000000,885.000000,1913.000000,1843.000000,0.000000,0.000000,0.000000,0.000000,0.000000,0.000000,0.000000,0.000000,0.000000,-2.660000,0.930000,-9.590000,0.000000,-0.040000,0.000000,32.000000,-7.000000,4.750000
2.754000,400442.000000,5.000000,1882.000000,1939.000000,864.000000,1909.000000,1840.000000,0.000000,0.000000,0.000000,0.000000,0.000000,0.000000,0.000000,0.000000,0.000000,-2.660000,0.930000,-9.590000,0.000000,-0.040000,0.000000,32.000000,-7.000000,4.750000
2.756000,400443.000000,10.000000,1872.000000,1959.000000,850.000000,1921.000000,1831.000000,0.000000,0.000000,0.000000,0.000000,0.000000,0.000000,0.000000,0.000000,0.000000,-2.660000,0.930000,-9.590000,0.000000,-0.040000,0.000000,32.000000,-7.000000,4.750000
2.758000,400444.000000,1.000000,1874.000000,1972.000000,886.000000,1936.000000,1841.000000,0.000000,0.000000,0.000000,0.000000,0.000000,0.000000,0.000000,0.000000,0.000000,-2.660000,0.930000,-9.590000,0.000000,-0.040000,0.000000,32.000000,-7.000000,4.750000
2.760000,400445.000000,598.000000,1889.000000,1954.000000,882.000000,1934.000000,1823.000000,0.000000,0.000000,0.000000,0.000000,0.000000,0.000000,0.000000,0.000000,0.000000,-2.580000,0.970000,-9.640000,0.020000,-0.040000,0.000000,32.000000,-7.000000,4.750000
2.762000,400446.000000,17.000000,1872.000000,1998.000000,882.000000,1927.000000,1834.000000,0.000000,0.000000,0.000000,0.000000,0.000000,0.000000,0.000000,0.000000,0.000000,-2.580000,0.970000,-9.640000,0.020000,-0.040000,0.000000,32.000000,-7.000000,4.750000
2.764000,400447.000000,10.000000,1910.000000,1982.000000,903.000000,1922.000000,1862.000000,0.000000,0.000000,0.000000,0.000000,0.000000,0.000000,0.000000,0.000000,0.000000,-2.580000,0.970000,-9.640000,0.020000,-0.040000,0.000000,32.000000,-7.000000,4.750000
2.766000,400448.000000,18.000000,1919.000000,2010.000000,921.000000,1936.000000,1897.000000,0.000000,0.000000,0.000000,0.000000,0.000000,0.000000,0.000000,0.000000,0.000000,-2.580000,0.970000,-9.640000,0.020000,-0.040000,0.000000,32.000000,-7.000000,4.750000
2.768000,400449.000000,13.000000,1931.000000,2000.000000,919.000000,1955.000000,1867.000000,0.000000,0.000000,0.000000,0.000000,0.000000,0.000000,0.000000,0.000000,0.000000,-2.580000,0.970000,-9.640000,0.020000,-0.040000,0.000000,32.000000,-7.000000,4.750000
2.770000,400450.000000,624.000000,1935.000000,2033.000000,882.000000,1951.000000,1789.000000,0.000000,0.000000,0.000000,0.000000,0.000000,0.000000,0.000000,0.000000,0.000000,-2.610000,1.030000,-9.640000,0.020000,-0.050000,-0.010000,34.560000,-7.380000,3.880000
2.772000,400451.000000,15.000000,1921.000000,2035.000000,843.000000,1970.000000,1774.000000,0.000000,0.000000,0.000000,0.000000,0.000000,0.000000,0.000000,0.000000,0.000000,-2.610000,1.030000,-9.640000,0.020000,-0.050000,-0.010000,34.560000,-7.380000,3.880000
2.774000,400452.000000,0.000000,1891.000000,2006.000000,848.000000,1957.000000,1793.000000,0.000000,0.000000,0.000000,0.000000,0.000000,0.000000,0.000000,0.000000,0.000000,-2.610000,1.030000,-9.640000,0.020000,-0.050000,-0.010000,34.560000,-7.380000,3.880000
2.776000,400453.000000,3.000000,1873.000000,2064.000000,848.000000,1936.000000,1826.000000,0.000000,0.000000,0.000000,0.000000,0.000000,0.000000,0.000000,0.000000,0.000000,-2.610000,1.030000,-9.640000,0.020000,-0.050000,-0.010000,34.560000,-7.380000,3.880000
2.778000,400454.000000,9.000000,1892.000000,2042.000000,895.000000,1954.000000,1840.000000,0.000000,0.000000,0.000000,0.000000,0.000000,0.000000,0.000000,0.000000,0.000000,-2.610000,1.030000,-9.640000,0.020000,-0.050000,-0.010000,34.560000,-7.380000,3.880000
2.780000,400455.000000,609.000000,1870.000000,2078.000000,896.000000,1968.000000,1826.000000,0.000000,0.000000,0.000000,0.000000,0.000000,0.000000,0.000000,0.000000,0.000000,-2.610000,0.990000,-9.270000,0.020000,-0.050000,-0.010000,34.560000,-7.380000,3.880000
2.782000,400456.000000,19.000000,1905.000000,2089.000000,882.000000,1971.000000,1860.000000,0.000000,0.000000,0.000000,0.000000,0.000000,0.000000,0.000000,0.000000,0.000000,-2.610000,0.990000,-9.270000,0.020000,-0.050000,-0.010000,34.560000,-7.380000,3.880000
2.784000,400457.000000,14.000000,1929.000000,2043.000000,893.000000,1983.000000,1875.000000,0.000000,0.000000,0.000000,0.000000,0.000000,0.000000,0.000000,0.000000,0.000000,-2.610000,0.990000,-9.270000,0.020000,-0.050000,-0.010000,34.560000,-7.380000,3.880000
2.786000,400458.000000,16.000000,1923.000000,2086.000000,943.000000,1955.000000,1936.000000,0.000000,0.000000,0.000000,0.000000,0.000000,0.000000,0.000000,0.000000,0.000000,-2.610000,0.990000,-9.270000,0.020000,-0.050000,-0.010000,34.560000,-7.380000,3.880000
2.788000,400459.000000,11.000000,1955.000000,2076.000000,940.000000,1981.000000,1883.000000,0.000000,0.000000,0.000000,0.000000,0.000000,0.000000,0.000000,0.000000,0.000000,-2.610000,0.990000,-9.270000,0.020000,-0.050000,-0.010000,34.560000,-7.380000,3.880000
2.790000,400460.000000,85.000000,1936.000000,2101.000000,880.000000,1968.000000,1743.000000,0.000000,0.000000,0.000000,0.000000,0.000000,0.000000,0.000000,0.000000,0.000000,-2.600000,0.890000,-9.280000,0.040000,-0.060000,-0.020000,34.560000,-7.380000,3.880000
2.792000,400461.000000,12.000000,1886.000000,2096.000000,835.000000,1970.000000,1782.000000,0.000000,0.000000,0.000000,0.000000,0.000000,0.000000,0.000000,0.000000,0.000000,-2.600000,0.890000,-9.280000,0.040000,-0.060000,-0.020000,34.560000,-7.380000,3.880000
2.794000,400462.000000,0.000000,1886.000000,2105.000000,838.000000,1968.000000,1791.000000,0.000000,0.000000,0.000000,0.000000,0.000000,0.000000,0.000000,0.000000,0.000000,-2.600000,0.890000,-9.280000,0.040000,-0.060000,-0.020000,34.560000,-7.380000,3.880000
2.796000,400463.000000,1.000000,1884.000000,2107.000000,835.000000,1970.000000,1846.000000,0.000000,0.000000,0.000000,0.000000,0.000000,0.000000,0.000000,0.000000,0.000000,-2.600000,0.890000,-9.280000,0.040000,-0.060000,-0.020000,34.560000,-7.380000,3.880000
2.798000,400464.000000,11.000000,1872.000000,2090.000000,855.000000,1936.000000,1863.000000,0.000000,0.000000,0.000000,0.000000,0.000000,0.000000,0.000000,0.000000,0.000000,-2.600000,0.890000,-9.280000,0.040000,-0.060000,-0.020000,34.560000,-7.380000,3.880000
2.800000,400465.000000,594.000000,1885.000000,2067.000000,875.000000,1946.000000,1826.000000,0.000000,0.000000,0.000000,0.000000,0.000000,0.000000,0.000000,0.000000,0.000000,-2.640000,0.770000,-9.160000,0.050000,-0.050000,-0.030000,34.560000,-7.380000,3.880000
2.802000,400466.000000,15.000000,1883.000000,2055.000000,880.000000,1922.000000,1869.000000,0.000000,0.000000,0.000000,0.000000,0.000000,0.000000,0.000000,0.000000,0.000000,-2.640000,0.770000,-9.160000,0.050000,-0.050000,-0.030000,34.560000,-7.380000,3.880000
2.804000,400467.000000,6.000000,1867.000000,2054.000000,871.000000,1902.000000,1858.000000,0.000000,0.000000,0.000000,0.000000,0.000000,0.000000,0.000000,0.000000,0.000000,-2.640000,0.770000,-9.160000,0.050000,-0.050000,-0.030000,34.560000,-7.380000,3.880000
2.806000,400468.000000,16.000000,1872.000000,2018.000000,914.000000,1920.000000,1913.000000,0.000000,0.000000,0.000000,0.000000,0.000000,0.000000,0.000000,0.000000,0.000000,-2.640000,0.770000,-9.160000,0.050000,-0.050000,-0.030000,34.560000,-7.380000,3.880000
2.808000,400469.000000,7.000000,1881.000000,1998.000000,900.000000,1904.000000,1858.000000,0.000000,0.000000,0.000000,0.000000,0.000000,0.000000,0.000000,0.000000,0.000000,-2.640000,0.770000,-9.160000,0.050000,-0.050000,-0.030000,34.560000,-7.380000,3.880000
2.810000,400470.000000,594.000000,1872.000000,1995.000000,879.000000,1910.000000,1796.000000,0.000000,0.000000,0.000000,0.000000,0.000000,0.000000,0.000000,0.000000,0.000000,-2.910000,0.720000,-9.120000,0.050000,-0.050000,-0.020000,34.560000,-7.380000,3.880000
2.812000,400471.000000,11.000000,1848.000000,2000.000000,816.000000,1914.000000,1767.000000,0.000000,0.000000,0.000000,0.000000,0.000000,0.000000,0.000000,0.000000,0.000000,-2.910000,0.720000,-9.120000,0.050000,-0.050000,-0.020000,34.560000,-7.380000,3.880000
2.814000,400472.000000,4.000000,1829.000000,1968.000000,833.000000,1907.000000,1794.000000,0.000000,0.000000,0.000000,0.000000,0.000000,0.000000,0.000000,0.000000,0.000000,-2.910000,0.720000,-9.120000,0.050000,-0.050000,-0.020000,34.560000,-7.380000,3.880000
2.816000,400473.000000,7.000000,1820.000000,1925.000000,841.000000,1877.000000,1840.000000,0.000000,0.000000,0.000000,0.000000,0.000000,0.000000,0.000000,0.000000,0.000000,-2.910000,0.720000,-9.120000,0.050000,-0.050000,-0.020000,34.560000,-7.380000,3.880000
2.818000,400474.000000,9.000000,1886.000000,1922.000000,873.000000,1882.000000,1860.000000,0.000000,0.000000,0.000000,0.000000,0.000000,0.000000,0.000000,0.000000,0.000000,-2.910000,0.720000,-9.120000,0.050000,-0.050000,-0.020000,34.560000,-7.380000,3.880000
2.820000,400475.000000,609.000000,1904.000000,1903.000000,879.000000,1869.000000,1811.000000,0.000000,0.000000,0.000000,0.000000,0.000000,0.000000,0.000000,0.000000,0.000000,-2.900000,0.770000,-9.080000,0.040000,-0.040000,-0.010000,33.060000,-7.380000,5.560000
2.822000,400476.000000,9.000000,1999.000000,1909.000000,879.000000,1895.000000,1873.000000,0.000000,0.000000,0.000000,0.000000,0.000000,0.000000,0.000000,0.000000,0.000000,-2.900000,0.770000,-9.080000,0.040000,-0.040000,-0.010000,33.060000,-7.380000,5.560000
2.824000,400477.000000,25.000000,2187.000000,1893.000000,861.000000,1861.000000,1891.000000,0.000000,0.000000,0.000000,0.000000,0.000000,0.000000,0.000000,0.000000,0.000000,-2.900000,0.770000,-9.080000,0.040000,-0.040000,-0.010000,33.060000,-7.380000,5.560000
2.826000,400478.000000,74.000000,3595.000000,1805.000000,912.000000,1856.000000,2001.000000,0.000000,0.000000,0.000000,0.000000,0.000000,0.000000,0.000000,0.000000,0.000000,-2.900000,0.770000,-9.080000,0.040000,-0.040000,-0.010000,33.060000,-7.380000,5.560000
2.828000,400479.000000,103.000000,4095.000000,1846.000000,879.000000,1811.000000,1930.000000,0.000000,0.000000,0.000000,0.000000,0.000000,0.000000,0.000000,0.000000,0.000000,-2.900000,0.770000,-9.080000,0.040000,-0.040000,-0.010000,33.060000,-7.380000,5.560000
2.830000,400480.000000,1403.000000,4095.000000,1799.000000,882.000000,1833.000000,1903.000000,0.000000,0.000000,0.000000,0.000000,0.000000,0.000000,0.000000,0.000000,0.000000,-2.840000,0.800000,-9.070000,0.040000,-0.040000,-0.010000,33.060000,-7.380000,5.560000
2.832000,400481.000000,186.000000,4095.000000,1815.000000,834.000000,1870.000000,1838.000000,0.000000,0.000000,0.000000,0.000000,0.000000,0.000000,0.000000,0.000000,0.000000,-2.840000,0.800000,-9.070000,0.040000,-0.040000,-0.010000,33.060000,-7.380000,5.560000
2.834000,400482.000000,129.000000,4095.000000,1814.000000,846.000000,1865.000000,1905.000000,0.000000,0.000000,0.000000,0.000000,0.000000,0.000000,0.000000,0.000000,0.000000,-2.840000,0.800000,-9.070000,0.040000,-0.040000,-0.010000,33.060000,-7.380000,5.560000
2.836000,400483.000000,105.000000,4095.000000,1809.000000,867.000000,1886.000000,1936.000000,0.000000,0.000000,0.000000,0.000000,0.000000,0.000000,0.000000,0.000000,0.000000,-2.840000,0.800000,-9.070000,0.040000,-0.040000,-0.010000,33.060000,-7.380000,5.560000
2.838000,400484.000000,104.000000,3941.000000,1821.000000,893.000000,1897.000000,1927.000000,0.000000,0.000000,0.000000,0.000000,0.000000,0.000000,0.000000,0.000000,0.000000,-2.840000,0.800000,-9.070000,0.040000,-0.040000,-0.010000,33.060000,-7.380000,5.560000
2.840000,400485.000000,79.000000,3723.000000,1843.000000,894.000000,1918.000000,1899.000000,0.000000,0.000000,0.000000,0.000000,0.000000,0.000000,0.000000,0.000000,0.000000,-2.790000,0.910000,-8.950000,0.030000,-0.010000,0.000000,33.060000,-7.380000,5.560000
2.842000,400486.000000,229.000000,3541.000000,1839.000000,912.000000,1920.000000,1921.000000,0.000000,0.000000,0.000000,0.000000,0.000000,0.000000,0.000000,0.000000,0.000000,-2.790000,0.910000,-8.950000,0.030000,-0.010000,0.000000,33.060000,-7.380000,5.560000
2.844000,400487.000000,70.000000,3381.000000,1874.000000,930.000000,1956.000000,1920.000000,0.000000,0.000000,0.000000,0.000000,0.000000,0.000000,0.000000,0.000000,0.000000,-2.790000,0.910000,-8.950000,0.030000,-0.010000,0.000000,33.060000,-7.380000,5.560000
2.846000,400488.000000,59.000000,3251.000000,1855.000000,955.000000,1957.000000,2010.000000,0.000000,0.000000,0.000000,0.000000,0.000000,0.000000,0.000000,0.000000,0.000000,-2.790000,0.910000,-8.950000,0.030000,-0.010000,0.000000,33.060000,-7.380000,5.560000
2.848000,400489.000000,59.000000,3189.000000,1891.000000,929.000000,1988.000000,1930.000000,0.000000,0.000000,0.000000,0.000000,0.000000,0.000000,0.000000,0.000000,0.000000,-2.790000,0.910000,-8.950000,0.030000,-0.010000,0.000000,33.060000,-7.380000,5.560000
2.850000,400490.000000,1010.000000,3107.000000,1923.000000,909.000000,2000.000000,1840.000000,0.000000,0.000000,0.000000,0.000000,0.000000,0.000000,0.000000,0.000000,0.000000,-2.850000,1.070000,-8.970000,0.030000,-0.010000,0.020000,33.060000,-7.380000,5.560000
2.852000,400491.000000,57.000000,3024.000000,1920.000000,867.000000,1999.000000,1811.000000,0.000000,0.000000,0.000000,0.000000,0.000000,0.000000,0.000000,0.000000,0.000000,-2.850000,1.070000,-8.970000,0.030000,-0.010000,0.020000,33.060000,-7.380000,5.560000
2.854000,400492.000000,45.000000,2967.000000,1945.000000,865.000000,2012.000000,1887.000000,0.000000,0.000000,0.000000,0.000000,0.000000,0.000000,0.000000,0.000000,0.000000,-2.850000,1.070000,-8.970000,0.030000,-0.010000,0.020000,33.060000,-7.380000,5.560000
2.856000,400493.000000,31.000000,2910.000000,1965.000000,881.000000,2007.000000,1911.000000,0.000000,0.000000,0.000000,0.000000,0.000000,0.000000,0.000000,0.000000,0.000000,-2.850000,1.070000,-8.970000,0.030000,-0.010000,0.020000,33.060000,-7.380000,5.560000
2.858000,400494.000000,49.000000,2878.000000,1987.000000,912.000000,2011.000000,1903.000000,0.000000,0.000000,0.000000,0.000000,0.000000,0.000000,0.000000,0.000000,0.000000,-2.850000,1.070000,-8.970000,0.030000,-0.010000,0.020000,33.060000,-7.380000,5.560000
2.860000,400495.000000,916.000000,2848.000000,2009.000000,911.000000,2042.000000,1893.000000,0.000000,0.000000,0.000000,0.000000,0.000000,0.000000,0.000000,0.000000,0.000000,-2.790000,1.080000,-9.040000,0.030000,-0.010000,0.020000,33.060000,-7.380000,5.560000
2.862000,400496.000000,54.000000,2833.000000,2016.000000,912.000000,2031.000000,1909.000000,0.000000,0.000000,0.000000,0.000000,0.000000,0.000000,0.000000,0.000000,0.000000,-2.790000,1.080000,-9.040000,0.030000,-0.010000,0.020000,33.060000,-7.380000,5.560000
2.864000,400497.000000,54.000000,2796.000000,2035.000000,911.000000,2029.000000,1908.000000,0.000000,0.000000,0.000000,0.000000,0.000000,0.000000,0.000000,0.000000,0.000000,-2.790000,1.080000,-9.040000,0.030000,-0.010000,0.020000,33.060000,-7.380000,5.560000
2.866000,400498.000000,49.000000,2772.000000,2081.000000,949.000000,2029.000000,1994.000000,0.000000,0.000000,0.000000,0.000000,0.000000,0.000000,0.000000,0.000000,0.000000,-2.790000,1.080000,-9.040000,0.030000,-0.010000,0.020000,33.060000,-7.380000,5.560000
2.868000,400499.000000,53.000000,2754.000000,2061.000000,957.000000,2023.000000,1894.000000,0.000000,0.000000,0.000000,0.000000,0.000000,0.000000,0.000000,0.000000,0.000000,-2.790000,1.080000,-9.040000,0.030000,-0.010000,0.020000,33.060000,-7.380000,5.560000
2.870000,400500.000000,887.000000,2746.000000,2071.000000,912.000000,2037.000000,1877.000000,0.000000,0.000000,0.000000,0.000000,0.000000,0.000000,0.000000,0.000000,0.000000,-2.810000,0.990000,-8.840000,0.030000,0.010000,0.010000,33.750000,-7.000000,4.750000
2.872000,400501.000000,34.000000,2713.000000,2098.000000,869.000000,2035.000000,1833.000000,0.000000,0.000000,0.000000,0.000000,0.000000,0.000000,0.000000,0.000000,0.000000,-2.810000,0.990000,-8.840000,0.030000,0.010000,0.010000,33.750000,-7.000000,4.750000
2.874000,400502.000000,8.000000,2687.000000,2110.000000,868.000000,2017.000000,1872.000000,0.000000,0.000000,0.000000,0.000000,0.000000,0.000000,0.000000,0.000000,0.000000,-2.810000,0.990000,-8.840000,0.030000,0.010000,0.010000,33.750000,-7.000000,4.750000
2.876000,400503.000000,37.000000,2666.000000,2107.000000,858.000000,2023.000000,1886.000000,0.000000,0.000000,0.000000,0.000000,0.000000,0.000000,0.000000,0.000000,0.000000,-2.810000,0.990000,-8.840000,0.030000,0.010000,0.010000,33.750000,-7.000000,4.750000
2.878000,400504.000000,36.000000,2626.000000,2112.000000,895.000000,2003.000000,1925.000000,0.000000,0.000000,0.000000,0.000000,0.000000,0.000000,0.000000,0.000000,0.000000,-2.810000,0.990000,-8.840000,0.030000,0.010000,0.010000,33.750000,-7.000000,4.750000
2.880000,400505.000000,116.000000,2598.000000,2131.000000,894.000000,2006.000000,1888.000000,0.000000,0.000000,0.000000,0.000000,0.000000,0.000000,0.000000,0.000000,0.000000,-2.930000,0.790000,-8.630000,0.030000,0.010000,0.010000,33.750000,-7.000000,4.750000
2.882000,400506.000000,37.000000,2592.000000,2143.000000,898.000000,1979.000000,1904.000000,0.000000,0.000000,0.000000,0.000000,0.000000,0.000000,0.000000,0.000000,0.000000,-2.930000,0.790000,-8.630000,0.030000,0.010000,0.010000,33.750000,-7.000000,4.750000
2.884000,400507.000000,31.000000,2559.000000,2147.000000,910.000000,1981.000000,1901.000000,0.000000,0.000000,0.000000,0.000000,0.000000,0.000000,0.000000,0.000000,0.000000,-2.930000,0.790000,-8.630000,0.030000,0.010000,0.010000,33.750000,-7.000000,4.750000
2.886000,400508.000000,46.000000,2538.000000,2161.000000,951.000000,1968.000000,1965.000000,0.000000,0.000000,0.000000,0.000000,0.000000,0.000000,0.000000,0.000000,0.000000,-2.930000,0.790000,-8.630000,0.030000,0.010000,0.010000,33.750000,-7.000000,4.750000
2.888000,400509.000000,19.000000,2513.000000,2166.000000,923.000000,1936.000000,1873.000000,0.000000,0.000000,0.000000,0.000000,0.000000,0.000000,0.000000,0.000000,0.000000,-2.930000,0.790000,-8.630000,0.030000,0.010000,0.010000,33.750000,-7.000000,4.750000
2.890000,400510.000000,192.000000,2510.000000,2186.000000,899.000000,1931.000000,1839.000000,0.000000,0.000000,0.000000,0.000000,0.000000,0.000000,0.000000,0.000000,0.000000,-3.170000,0.450000,-8.600000,0.020000,0.030000,-0.010000,33.750000,-7.000000,4.750000
2.892000,400511.000000,37.000000,2484.000000,2176.000000,846.000000,1921.000000,1803.000000,0.000000,0.000000,0.000000,0.000000,0.000000,0.000000,0.000000,0.000000,0.000000,-3.170000,0.450000,-8.600000,0.020000,0.030000,-0.010000,33.750000,-7.000000,4.750000
2.894000,400512.000000,22.000000,2449.000000,2180.000000,853.000000,1897.000000,1867.000000,0.000000,0.000000,0.000000,0.000000,0.000000,0.000000,0.000000,0.000000,0.000000,-3.170000,0.450000,-8.600000,0.020000,0.030000,-0.010000,33.750000,-7.000000,4.750000
2.896000,400513.000000,26.000000,2432.000000,2163.000000,851.000000,1869.000000,1895.000000,0.000000,0.000000,0.000000,0.000000,0.000000,0.000000,0.000000,0.000000,0.000000,-3.170000,0.450000,-8.600000,0.020000,0.030000,-0.010000,33.750000,-7.000000,4.750000
2.898000,400514.000000,17.000000,2401.000000,2146.000000,881.000000,1853.000000,1882.000000,0.000000,0.000000,0.000000,0.000000,0.000000,0.000000,0.000000,0.000000,0.000000,-3.170000,0.450000,-8.600000,0.020000,0.030000,-0.010000,33.750000,-7.000000,4.750000
2.900000,400515.000000,774.000000,2383.000000,2139.000000,870.000000,1847.000000,1863.000000,0.000000,0.000000,0.000000,0.000000,0.000000,0.000000,0.000000,0.000000,0.000000,-3.250000,0.420000,-8.730000,0.000000,0.050000,-0.030000,33.750000,-7.000000,4.750000
2.902000,400516.000000,33.000000,2374.000000,2131.000000,881.000000,1815.000000,1897.000000,0.000000,0.000000,0.000000,0.000000,0.000000,0.000000,0.000000,0.000000,0.000000,-3.250000,0.420000,-8.730000,0.000000,0.050000,-0.030000,33.750000,-7.000000,4.750000
2.904000,400517.000000,22.000000,2343.000000,2129.000000,902.000000,1820.000000,1904.000000,0.000000,0.000000,0.000000,0.000000,0.000000,0.000000,0.000000,0.000000,0.000000,-3.250000,0.420000,-8.730000,0.000000,0.050000,-0.030000,33.750000,-7.000000,4.750000
2.906000,400518.000000,30.000000,2319.000000,2123.000000,940.000000,1830.000000,1962.000000,0.000000,0.000000,0.000000,0.000000,0.000000,0.000000,0.000000,0.000000,0.000000,-3.250000,0.420000,-8.730000,0.000000,0.050000,-0.030000,33.750000,-7.000000,4.750000
2.908000,400519.000000,14.000000,2304.000000,2128.000000,930.000000,1834.000000,1877.000000,0.000000,0.000000,0.000000,0.000000,0.000000,0.000000,0.000000,0.000000,0.000000,-3.250000,0.420000,-8.730000,0.000000,0.050000,-0.030000,33.750000,-7.000000,4.750000
2.910000,400520.000000,738.000000,2276.000000,2141.000000,881.000000,1837.000000,1829.000000,0.000000,0.000000,0.000000,0.000000,0.000000,0.000000,0.000000,0.000000,0.000000,-3.090000,0.580000,-8.900000,-0.020000,0.090000,-0.040000,33.750000,-7.000000,4.750000
2.912000,400521.000000,24.000000,2277.000000,2135.000000,832.000000,1838.000000,1776.000000,0.000000,0.000000,0.000000,0.000000,0.000000,0.000000,0.000000,0.000000,0.000000,-3.090000,0.580000,-8.900000,-0.020000,0.090000,-0.040000,33.750000,-7.000000,4.750000
2.914000,400522.000000,16.000000,2242.000000,2117.000000,826.000000,1852.000000,1839.000000,0.000000,0.000000,0.000000,0.000000,0.000000,0.000000,0.000000,0.000000,0.000000,-3.090000,0.580000,-8.900000,-0.020000,0.090000,-0.040000,33.750000,-7.000000,4.750000
2.916000,400523.000000,16.000000,2226.000000,2119.000000,837.000000,1842.000000,1872.000000,0.000000,0.000000,0.000000,0.000000,0.000000,0.000000,0.000000,0.000000,0.000000,-3.090000,0.580000,-8.900000,-0.020000,0.090000,-0.040000,33.750000,-7.000000,4.750000
2.918000,400524.000000,6.000000,2223.000000,2127.000000,858.000000,1845.000000,1882.000000,0.000000,0.000000,0.000000,0.000000,0.000000,0.000000,0.000000,0.000000,0.000000,-3.090000,0.580000,-8.900000,-0.020000,0.090000,-0.040000,33.750000,-7.000000,4.750000
2.920000,400525.000000,719.000000,2218.000000,2117.000000,855.000000,1875.000000,1851.000000,0.000000,0.000000,0.000000,0.000000,0.000000,0.000000,0.000000,0.000000,0.000000,-2.890000,0.840000,-8.860000,-0.030000,0.130000,-0.050000,32.750000,-7.000000,5.560000
2.922000,400526.000000,41.000000,2211.000000,2145.000000,871.000000,1900.000000,1895.000000,0.000000,0.000000,0.000000,0.000000,0.000000,0.000000,0.000000,0.000000,0.000000,-2.890000,0.840000,-8.860000,-0.030000,0.130000,-0.050000,32.750000,-7.000000,5.560000
2.924000,400527.000000,19.000000,2207.000000,2112.000000,880.000000,1915.000000,1903.000000,0.000000,0.000000,0.000000,0.000000,0.000000,0.000000,0.000000,0.000000,0.000000,-2.890000,0.840000,-8.860000,-0.030000,0.130000,-0.050000,32.750000,-7.000000,5.560000
2.926000,400528.000000,27.000000,2203.000000,2133.000000,915.000000,1906.000000,1937.000000,0.000000,0.000000,0.000000,0.000000,0.000000,0.000000,0.000000,0.000000,0.000000,-2.890000,0.840000,-8.860000,-0.030000,0.130000,-0.050000,32.750000,-7.000000,5.560000
2.928000,400529.000000,21.000000,2212.000000,2138.000000,915.000000,1929.000000,1879.000000,0.000000,0.000000,0.000000,0.000000,0.000000,0.000000,0.000000,0.000000,0.000000,-2.890000,0.840000,-8.860000,-0.030000,0.130000,-0.050000,32.750000,-7.000000,5.560000
2.930000,400530.000000,594.000000,2256.000000,2128.000000,871.000000,1935.000000,1809.000000,0.000000,0.000000,0.000000,0.000000,0.000000,0.000000,0.000000,0.000000,0.000000,-2.460000,1.180000,-8.750000,-0.030000,0.130000,-0.050000,32.750000,-7.000000,5.560000
2.932000,400531.000000,26.000000,2192.000000,2122.000000,822.000000,1947.000000,1783.000000,0.000000,0.000000,0.000000,0.000000,0.000000,0.000000,0.000000,0.000000,0.000000,-2.460000,1.180000,-8.750000,-0.030000,0.130000,-0.050000,32.750000,-7.000000,5.560000
2.934000,400532.000000,14.000000,2191.000000,2149.000000,829.000000,1942.000000,1805.000000,0.000000,0.000000,0.000000,0.000000,0.000000,0.000000,0.000000,0.000000,0.000000,-2.460000,1.180000,-8.750000,-0.030000,0.130000,-0.050000,32.750000,-7.000000,5.560000
2.936000,400533.000000,16.000000,2192.000000,2130.000000,834.000000,1946.000000,1870.000000,0.000000,0.000000,0.000000,0.000000,0.000000,0.000000,0.000000,0.000000,0.000000,-2.460000,1.180000,-8.750000,-0.030000,0.130000,-0.050000,32.750000,-7.000000,5.560000
2.938000,400534.000000,18.000000,2190.000000,2154.000000,859.000000,1953.000000,1888.000000,0.000000,0.000000,0.000000,0.000000,0.000000,0.000000,0.000000,0.000000,0.000000,-2.460000,1.180000,-8.750000,-0.030000,0.130000,-0.050000,32.750000,-7.000000,5.560000
2.940000,400535.000000,126.000000,2189.000000,2157.000000,870.000000,1947.000000,1859.000000,0.000000,0.000000,0.000000,0.000000,0.000000,0.000000,0.000000,0.000000,0.000000,-2.350000,1.190000,-8.630000,-0.040000,0.170000,-0.040000,32.750000,-7.000000,5.560000
2.942000,400536.000000,72.000000,2186.000000,2188.000000,870.000000,1984.000000,1895.000000,0.000000,0.000000,0.000000,0.000000,0.000000,0.000000,0.000000,0.000000,0.000000,-2.350000,1.190000,-8.630000,-0.040000,0.170000,-0.040000,32.750000,-7.000000,5.560000
2.944000,400537.000000,16.000000,2202.000000,2201.000000,880.000000,1994.000000,1920.000000,0.000000,0.000000,0.000000,0.000000,0.000000,0.000000,0.000000,0.000000,0.000000,-2.350000,1.190000,-8.630000,-0.040000,0.170000,-0.040000,32.750000,-7.000000,5.560000
2.946000,400538.000000,24.000000,2215.000000,2237.000000,931.000000,1996.000000,1941.000000,0.000000,0.000000,0.000000,0.000000,0.000000,0.000000,0.000000,0.000000,0.000000,-2.350000,1.190000,-8.630000,-0.040000,0.170000,-0.040000,32.750000,-7.000000,5.560000
2.948000,400539.000000,14.000000,2197.000000,2258.000000,909.000000,1995.000000,1887.000000,0.000000,0.000000,0.000000,0.000000,0.000000,0.000000,0.000000,0.000000,0.000000,-2.350000,1.190000,-8.630000,-0.040000,0.170000,-0.040000,32.750000,-7.000000,5.560000
2.950000,400540.000000,713.000000,2206.000000,2271.000000,875.000000,2033.000000,1799.000000,0.000000,0.000000,0.000000,0.000000,0.000000,0.000000,0.000000,0.000000,0.000000,-2.340000,1.110000,-8.600000,-0.040000,0.150000,-0.030000,32.750000,-7.000000,5.560000
2.952000,400541.000000,19.000000,2182.000000,2281.000000,816.000000,2032.000000,1805.000000,0.000000,0.000000,0.000000,0.000000,0.000000,0.000000,0.000000,0.000000,0.000000,-2.340000,1.110000,-8.600000,-0.040000,0.150000,-0.030000,32.750000,-7.000000,5.560000
2.954000,400542.000000,15.000000,2208.000000,2297.000000,827.000000,2010.000000,1820.000000,0.000000,0.000000,0.000000,0.000000,0.000000,0.000000,0.000000,0.000000,0.000000,-2.340000,1.110000,-8.600000,-0.040000,0.150000,-0.030000,32.750000,-7.000000,5.560000
2.956000,400543.000000,16.000000,2190.000000,2283.000000,847.000000,2038.000000,1884.000000,0.000000,0.000000,0.000000,0.000000,0.000000,0.000000,0.000000,0.000000,0.000000,-2.340000,1.110000,-8.600000,-0.040000,0.150000,-0.030000,32.750000,-7.000000,5.560000
2.958000,400544.000000,19.000000,2192.000000,2335.000000,854.000000,2042.000000,1897.000000,0.000000,0.000000,0.000000,0.000000,0.000000,0.000000,0.000000,0.000000,0.000000,-2.340000,1.110000,-8.600000,-0.040000,0.150000,-0.030000,32.750000,-7.000000,5.560000
2.960000,400545.000000,740.000000,2194.000000,2311.000000,848.000000,2059.000000,1854.000000,0.000000,0.000000,0.000000,0.000000,0.000000,0.000000,0.000000,0.000000,0.000000,-2.310000,0.850000,-8.760000,-0.080000,0.130000,-0.020000,32.750000,-7.000000,5.560000
2.962000,400546.000000,34.000000,2223.000000,2323.000000,863.000000,2061.000000,1887.000000,0.000000,0.000000,0.000000,0.000000,0.000000,0.000000,0.000000,0.000000,0.000000,-2.310000,0.850000,-8.760000,-0.080000,0.130000,-0.020000,32.750000,-7.000000,5.560000
2.964000,400547.000000,16.000000,2223.000000,2358.000000,874.000000,2059.000000,1938.000000,0.000000,0.000000,0.000000,0.000000,0.000000,0.000000,0.000000,0.000000,0.000000,-2.310000,0.850000,-8.760000,-0.080000,0.130000,-0.020000,32.750000,-7.000000,5.560000
2.966000,400548.000000,15.000000,2192.000000,2346.000000,929.000000,2077.000000,1959.000000,0.000000,0.000000,0.000000,0.000000,0.000000,0.000000,0.000000,0.000000,0.000000,-2.310000,0.850000,-8.760000,-0.080000,0.130000,-0.020000,32.750000,-7.000000,5.560000
2.968000,400549.000000,17.000000,2160.000000,2335.000000,890.000000,2043.000000,1889.000000,0.000000,0.000000,0.000000,0.000000,0.000000,0.000000,0.000000,0.000000,0.000000,-2.310000,0.850000,-8.760000,-0.080000,0.130000,-0.020000,32.750000,-7.000000,5.560000
2.970000,400550.000000,694.000000,2123.000000,2369.000000,847.000000,2059.000000,1826.000000,0.000000,0.000000,0.000000,0.000000,0.000000,0.000000,0.000000,0.000000,0.000000,-2.360000,0.450000,-8.650000,-0.120000,0.140000,-0.010000,33.750000,-6.690000,4.750000
2.972000,400551.000000,37.000000,2197.000000,2402.000000,797.000000,2046.000000,1831.000000,0.000000,0.000000,0.000000,0.000000,0.000000,0.000000,0.000000,0.000000,0.000000,-2.360000,0.450000,-8.650000,-0.120000,0.140000,-0.010000,33.750000,-6.690000,4.750000
2.974000,400552.000000,22.000000,2240.000000,2361.000000,816.000000,2017.000000,1829.000000,0.000000,0.000000,0.000000,0.000000,0.000000,0.000000,0.000000,0.000000,0.000000,-2.360000,0.450000,-8.650000,-0.120000,0.140000,-0.010000,33.750000,-6.690000,4.750000
2.976000,400553.000000,16.000000,2227.000000,2375.000000,831.000000,2006.000000,1905.000000,0.000000,0.000000,0.000000,0.000000,0.000000,0.000000,0.000000,0.000000,0.000000,-2.360000,0.450000,-8.650000,-0.120000,0.140000,-0.010000,33.750000,-6.690000,4.750000
2.978000,400554.000000,27.000000,2236.000000,2345.000000,827.000000,2014.000000,1905.000000,0.000000,0.000000,0.000000,0.000000,0.000000,0.000000,0.000000,0.000000,0.000000,-2.360000,0.450000,-8.650000,-0.120000,0.140000,-0.010000,33.750000,-6.690000,4.750000
2.980000,400555.000000,738.000000,2239.000000,2367.000000,849.000000,1991.000000,1877.000000,0.000000,0.000000,0.000000,0.000000,0.000000,0.000000,0.000000,0.000000,0.000000,-2.440000,0.330000,-8.460000,-0.120000,0.140000,-0.010000,33.750000,-6.690000,4.750000
2.982000,400556.000000,35.000000,2211.000000,2371.000000,860.000000,1951.000000,1873.000000,0.000000,0.000000,0.000000,0.000000,0.000000,0.000000,0.000000,0.000000,0.000000,-2.440000,0.330000,-8.460000,-0.120000,0.140000,-0.010000,33.750000,-6.690000,4.750000
2.984000,400557.000000,17.000000,2237.000000,2353.000000,870.000000,1950.000000,1920.000000,0.000000,0.000000,0.000000,0.000000,0.000000,0.000000,0.000000,0.000000,0.000000,-2.440000,0.330000,-8.460000,-0.120000,0.140000,-0.010000,33.750000,-6.690000,4.750000
2.986000,400558.000000,26.000000,2234.000000,2368.000000,912.000000,1927.000000,1936.000000,0.000000,0.000000,0.000000,0.000000,0.000000,0.000000,0.000000,0.000000,0.000000,-2.440000,0.330000,-8.460000,-0.120000,0.140000,-0.010000,33.750000,-6.690000,4.750000
2.988000,400559.000000,19.000000,2223.000000,2352.000000,873.000000,1937.000000,1873.000000,0.000000,0.000000,0.000000,0.000000,0.000000,0.000000,0.000000,0.000000,0.000000,-2.440000,0.330000,-8.460000,-0.120000,0.140000,-0.010000,33.750000,-6.690000,4.750000
2.990000,400560.000000,87.000000,2212.000000,2366.000000,848.000000,1952.000000,1815.000000,0.000000,0.000000,0.000000,0.000000,0.000000,0.000000,0.000000,0.000000,0.000000,-2.500000,0.230000,-8.330000,-0.170000,0.140000,0.000000,33.750000,-6.690000,4.750000
2.992000,400561.000000,43.000000,2201.000000,2343.000000,801.000000,1955.000000,1776.000000,0.000000,0.000000,0.000000,0.000000,0.000000,0.000000,0.000000,0.000000,0.000000,-2.500000,0.230000,-8.330000,-0.170000,0.140000,0.000000,33.750000,-6.690000,4.750000
2.994000,400562.000000,0.000000,2197.000000,2349.000000,801.000000,1965.000000,1809.000000,0.000000,0.000000,0.000000,0.000000,0.000000,0.000000,0.000000,0.000000,0.000000,-2.500000,0.230000,-8.330000,-0.170000,0.140000,0.000000,33.750000,-6.690000,4.750000
2.996000,400563.000000,13.000000,2182.000000,2320.000000,831.000000,1969.000000,1863.000000,0.000000,0.000000,0.000000,0.000000,0.000000,0.000000,0.000000,0.000000,0.000000,-2.500000,0.230000,-8.330000,-0.170000,0.140000,0.000000,33.750000,-6.690000,4.750000
2.998000,400564.000000,16.000000,2177.000000,2298.000000,859.000000,1976.000000,1856.000000,0.000000,0.000000,0.000000,0.000000,0.000000,0.000000,0.000000,0.000000,0.000000,-2.500000,0.230000,-8.330000,-0.170000,0.140000,0.000000,33.750000,-6.690000,4.750000
3.000000,400565.000000,711.000000,2196.000000,2324.000000,846.000000,1955.000000,1839.000000,0.000000,0.000000,0.000000,0.000000,0.000000,0.000000,0.000000,0.000000,0.000000,-2.590000,0.400000,-8.390000,-0.220000,0.140000,0.010000,33.750000,-6.690000,4.750000
3.002000,400566.000000,27.000000,2160.000000,2304.000000,865.000000,1967.000000,1903.000000,0.000000,0.000000,0.000000,0.000000,0.000000,0.000000,0.000000,0.000000,0.000000,-2.590000,0.400000,-8.390000,-0.220000,0.140000,0.010000,33.750000,-6.690000,4.750000
3.004000,400567.000000,16.000000,2169.000000,2310.000000,880.000000,1987.000000,1937.000000,0.000000,0.000000,0.000000,0.000000,0.000000,0.000000,0.000000,0.000000,0.000000,-2.590000,0.400000,-8.390000,-0.220000,0.140000,0.010000,33.750000,-6.690000,4.750000
3.006000,400568.000000,29.000000,2162.000000,2293.000000,935.000000,2001.000000,1937.000000,0.000000,0.000000,0.000000,0.000000,0.000000,0.000000,0.000000,0.000000,0.000000,-2.590000,0.400000,-8.390000,-0.220000,0.140000,0.010000,33.750000,-6.690000,4.750000
3.008000,400569.000000,11.000000,2159.000000,2287.000000,895.000000,2010.000000,1858.000000,0.000000,0.000000,0.000000,0.000000,0.000000,0.000000,0.000000,0.000000,0.000000,-2.590000,0.400000,-8.390000,-0.220000,0.140000,0.010000,33.750000,-6.690000,4.750000
3.010000,400570.000000,699.000000,2168.000000,2320.000000,858.000000,2000.000000,1813.000000,0.000000,0.000000,0.000000,0.000000,0.000000,0.000000,0.000000,0.000000,0.000000,-2.460000,0.720000,-8.470000,-0.260000,0.160000,0.030000,33.750000,-6.690000,4.750000
3.012000,400571.000000,21.000000,2142.000000,2320.000000,811.000000,1978.000000,1803.000000,0.000000,0.000000,0.000000,0.000000,0.000000,0.000000,0.000000,0.000000,0.000000,-2.460000,0.720000,-8.470000,-0.260000,0.160000,0.030000,33.750000,-6.690000,4.750000
3.014000,400572.000000,22.000000,2162.000000,2291.000000,820.000000,1990.000000,1821.000000,0.000000,0.000000,0.000000,0.000000,0.000000,0.000000,0.000000,0.000000,0.000000,-2.460000,0.720000,-8.470000,-0.260000,0.160000,0.030000,33.750000,-6.690000,4.750000
3.016000,400573.000000,15.000000,2167.000000,2300.000000,863.000000,1996.000000,1871.000000,0.000000,0.000000,0.000000,0.000000,0.000000,0.000000,0.000000,0.000000,0.000000,-2.460000,0.720000,-8.470000,-0.260000,0.160000,0.030000,33.750000,-6.690000,4.750000
3.018000,400574.000000,15.000000,2155.000000,2311.000000,880.000000,2017.000000,1894.000000,0.000000,0.000000,0.000000,0.000000,0.000000,0.000000,0.000000,0.000000,0.000000,-2.460000,0.720000,-8.470000,-0.260000,0.160000,0.030000,33.750000,-6.690000,4.750000
3.020000,400575.000000,67.000000,2154.000000,2329.000000,875.000000,2001.000000,1854.000000,0.000000,0.000000,0.000000,0.000000,0.000000,0.000000,0.000000,0.000000,0.000000,-2.410000,0.950000,-8.310000,-0.310000,0.180000,0.040000,32.750000,-7.000000,6.000000
3.022000,400576.000000,14.000000,2162.000000,2347.000000,884.000000,2007.000000,1899.000000,0.000000,0.000000,0.000000,0.000000,0.000000,0.000000,0.000000,0.000000,0.000000,-2.410000,0.950000,-8.310000,-0.310000,0.180000,0.040000,32.750000,-7.000000,6.000000
3.024000,400577.000000,31.000000,2176.000000,2338.000000,908.000000,2030.000000,1967.000000,0.000000,0.000000,0.000000,0.000000,0.000000,0.000000,0.000000,0.000000,0.000000,-2.410000,0.950000,-8.310000,-0.310000,0.180000,0.040000,32.750000,-7.000000,6.000000
3.026000,400578.000000,16.000000,2206.000000,2376.000000,950.000000,2043.000000,1949.000000,0.000000,0.000000,0.000000,0.000000,0.000000,0.000000,0.000000,0.000000,0.000000,-2.410000,0.950000,-8.310000,-0.310000,0.180000,0.040000,32.750000,-7.000000,6.000000
3.028000,400579.000000,23.000000,2212.000000,2352.000000,942.000000,2032.000000,1889.000000,0.000000,0.000000,0.000000,0.000000,0.000000,0.000000,0.000000,0.000000,0.000000,-2.410000,0.950000,-8.310000,-0.310000,0.180000,0.040000,32.750000,-7.000000,6.000000
3.030000,400580.000000,732.000000,2236.000000,2387.000000,898.000000,2086.000000,1808.000000,0.000000,0.000000,0.000000,0.000000,0.000000,0.000000,0.000000,0.000000,0.000000,-2.340000,1.030000,-8.170000,-0.310000,0.180000,0.040000,32.750000,-7.000000,6.000000
3.032000,400581.000000,27.000000,2269.000000,2368.000000,864.000000,2067.000000,1811.000000,0.000000,0.000000,0.000000,0.000000,0.000000,0.000000,0.000000,0.000000,0.000000,-2.340000,1.030000,-8.170000,-0.310000,0.180000,0.040000,32.750000,-7.000000,6.000000
3.034000,400582.000000,16.000000,2259.000000,2373.000000,848.000000,2092.000000,1841.000000,0.000000,0.000000,0.000000,0.000000,0.000000,0.000000,0.000000,0.000000,0.000000,-2.340000,1.030000,-8.170000,-0.310000,0.180000,0.040000,32.750000,-7.000000,6.000000
3.036000,400583.000000,16.000000,2271.000000,2403.000000,890.000000,2084.000000,1887.000000,0.000000,0.000000,0.000000,0.000000,0.000000,0.000000,0.000000,0.000000,0.000000,-2.340000,1.030000,-8.170000,-0.310000,0.180000,0.040000,32.750000,-7.000000,6.000000
3.038000,400584.000000,16.000000,2288.000000,2416.000000,895.000000,2097.000000,1917.000000,0.000000,0.000000,0.000000,0.000000,0.000000,0.000000,0.000000,0.000000,0.000000,-2.340000,1.030000,-8.170000,-0.310000,0.180000,0.040000,32.750000,-7.000000,6.000000
3.040000,400585.000000,476.000000,2326.000000,2443.000000,891.000000,2079.000000,1886.000000,0.000000,0.000000,0.000000,0.000000,0.000000,0.000000,0.000000,0.000000,0.000000,-2.050000,0.850000,-8.040000,-0.360000,0.190000,0.070000,32.750000,-7.000000,6.000000
3.042000,400586.000000,48.000000,2345.000000,2447.000000,918.000000,2065.000000,1919.000000,0.000000,0.000000,0.000000,0.000000,0.000000,0.000000,0.000000,0.000000,0.000000,-2.050000,0.850000,-8.040000,-0.360000,0.190000,0.070000,32.750000,-7.000000,6.000000
3.044000,400587.000000,29.000000,2351.000000,2459.000000,928.000000,2037.000000,1977.000000,0.000000,0.000000,0.000000,0.000000,0.000000,0.000000,0.000000,0.000000,0.000000,-2.050000,0.850000,-8.040000,-0.360000,0.190000,0.070000,32.750000,-7.000000,6.000000
3.046000,400588.000000,16.000000,2373.000000,2513.000000,948.000000,2046.000000,1972.000000,0.000000,0.000000,0.000000,0.000000,0.000000,0.000000,0.000000,0.000000,0.000000,-2.050000,0.850000,-8.040000,-0.360000,0.190000,0.070000,32.750000,-7.000000,6.000000
3.048000,400589.000000,25.000000,2370.000000,2543.000000,935.000000,2009.000000,1904.000000,0.000000,0.000000,0.000000,0.000000,0.000000,0.000000,0.000000,0.000000,0.000000,-2.050000,0.850000,-8.040000,-0.360000,0.190000,0.070000,32.750000,-7.000000,6.000000
3.050000,400590.000000,784.000000,2377.000000,2559.000000,889.000000,2002.000000,1818.000000,0.000000,0.000000,0.000000,0.000000,0.000000,0.000000,0.000000,0.000000,0.000000,-2.060000,0.760000,-7.920000,-0.400000,0.170000,0.090000,32.750000,-7.000000,6.000000
3.052000,400591.000000,24.000000,2353.000000,2608.000000,866.000000,1984.000000,1849.000000,0.000000,0.000000,0.000000,0.000000,0.000000,0.000000,0.000000,0.000000,0.000000,-2.060000,0.760000,-7.920000,-0.400000,0.170000,0.090000,32.750000,-7.000000,6.000000
3.054000,400592.000000,20.000000,2354.000000,2640.000000,862.000000,1995.000000,1854.000000,0.000000,0.000000,0.000000,0.000000,0.000000,0.000000,0.000000,0.000000,0.000000,-2.060000,0.760000,-7.920000,-0.400000,0.170000,0.090000,32.750000,-7.000000,6.000000
3.056000,400593.000000,22.000000,2330.000000,2658.000000,889.000000,1968.000000,1919.000000,0.000000,0.000000,0.000000,0.000000,0.000000,0.000000,0.000000,0.000000,0.000000,-2.060000,0.760000,-7.920000,-0.400000,0.170000,0.090000,32.750000,-7.000000,6.000000
3.058000,400594.000000,21.000000,2321.000000,2675.000000,897.000000,1943.000000,1915.000000,0.000000,0.000000,0.000000,0.000000,0.000000,0.000000,0.000000,0.000000,0.000000,-2.060000,0.760000,-7.920000,-0.400000,0.170000,0.090000,32.750000,-7.000000,6.000000
3.060000,400595.000000,747.000000,2310.000000,2700.000000,898.000000,1957.000000,1890.000000,0.000000,0.000000,0.000000,0.000000,0.000000,0.000000,0.000000,0.000000,0.000000,-2.140000,0.540000,-8.030000,-0.430000,0.160000,0.090000,32.750000,-7.000000,6.000000
3.062000,400596.000000,43.000000,2305.000000,2754.000000,897.000000,1936.000000,1934.000000,0.000000,0.000000,0.000000,0.000000,0.000000,0.000000,0.000000,0.000000,0.000000,-2.140000,0.540000,-8.030000,-0.430000,0.160000,0.090000,32.750000,-7.000000,6.000000
3.064000,400597.000000,22.000000,2304.000000,2758.000000,933.000000,1899.000000,1998.000000,0.000000,0.000000,0.000000,0.000000,0.000000,0.000000,0.000000,0.000000,0.000000,-2.140000,0.540000,-8.030000,-0.430000,0.160000,0.090000,32.750000,-7.000000,6.000000
3.066000,400598.000000,39.000000,2304.000000,2761.000000,967.000000,1857.000000,1963.000000,0.000000,0.000000,0.000000,0.000000,0.000000,0.000000,0.000000,0.000000,0.000000,-2.140000,0.540000,-8.030000,-0.430000,0.160000,0.090000,32.750000,-7.000000,6.000000
3.068000,400599.000000,17.000000,2320.000000,2798.000000,912.000000,1872.000000,1902.000000,0.000000,0.000000,0.000000,0.000000,0.000000,0.000000,0.000000,0.000000,0.000000,-2.140000,0.540000,-8.030000,-0.430000,0.160000,0.090000,32.750000,-7.000000,6.000000
3.070000,400600.000000,24.000000,2343.000000,2794.000000,887.000000,1875.000000,1823.000000,0.000000,0.000000,0.000000,0.000000,0.000000,0.000000,0.000000,0.000000,0.000000,-2.130000,0.380000,-8.040000,-0.490000,0.140000,0.100000,33.380000,-7.380000,5.060000
3.072000,400601.000000,9.000000,2335.000000,2820.000000,861.000000,1816.000000,1859.000000,0.000000,0.000000,0.000000,0.000000,0.000000,0.000000,0.000000,0.000000,0.000000,-2.130000,0.380000,-8.040000,-0.490000,0.140000,0.100000,33.380000,-7.380000,5.060000
3.074000,400602.000000,31.000000,2317.000000,2817.000000,852.000000,1808.000000,1850.000000,0.000000,0.000000,0.000000,0.000000,0.000000,0.000000,0.000000,0.000000,0.000000,-2.130000,0.380000,-8.040000,-0.490000,0.140000,0.100000,33.380000,-7.380000,5.060000
3.076000,400603.000000,22.000000,2309.000000,2827.000000,877.000000,1802.000000,1930.000000,0.000000,0.000000,0.000000,0.000000,0.000000,0.000000,0.000000,0.000000,0.000000,-2.130000,0.380000,-8.040000,-0.490000,0.140000,0.100000,33.380000,-7.380000,5.060000
3.078000,400604.000000,30.000000,2319.000000,2823.000000,853.000000,1776.000000,1927.000000,0.000000,0.000000,0.000000,0.000000,0.000000,0.000000,0.000000,0.000000,0.000000,-2.130000,0.380000,-8.040000,-0.490000,0.140000,0.100000,33.380000,-7.380000,5.060000
3.080000,400605.000000,756.000000,2339.000000,2869.000000,892.000000,1801.000000,1904.000000,0.000000,0.000000,0.000000,0.000000,0.000000,0.000000,0.000000,0.000000,0.000000,-2.110000,0.320000,-7.850000,-0.490000,0.140000,0.100000,33.380000,-7.380000,5.060000
3.082000,400606.000000,43.000000,2338.000000,2863.000000,891.000000,1805.000000,1901.000000,0.000000,0.000000,0.000000,0.000000,0.000000,0.000000,0.000000,0.000000,0.000000,-2.110000,0.320000,-7.850000,-0.490000,0.140000,0.100000,33.380000,-7.380000,5.060000
3.084000,400607.000000,47.000000,2367.000000,2864.000000,922.000000,1797.000000,1998.000000,0.000000,0.000000,0.000000,0.000000,0.000000,0.000000,0.000000,0.000000,0.000000,-2.110000,0.320000,-7.850000,-0.490000,0.140000,0.100000,33.380000,-7.380000,5.060000
3.086000,400608.000000,36.000000,2374.000000,2907.000000,944.000000,1819.000000,1965.000000,0.000000,0.000000,0.000000,0.000000,0.000000,0.000000,0.000000,0.000000,0.000000,-2.110000,0.320000,-7.850000,-0.490000,0.140000,0.100000,33.380000,-7.380000,5.060000
3.088000,400609.000000,30.000000,2398.000000,2924.000000,906.000000,1815.000000,1892.000000,0.000000,0.000000,0.000000,0.000000,0.000000,0.000000,0.000000,0.000000,0.000000,-2.110000,0.320000,-7.850000,-0.490000,0.140000,0.100000,33.380000,-7.380000,5.060000
3.090000,400610.000000,373.000000,2415.000000,2951.000000,876.000000,1836.000000,1837.000000,0.000000,0.000000,0.000000,0.000000,0.000000,0.000000,0.000000,0.000000,0.000000,-2.120000,0.420000,-7.780000,-0.580000,0.140000,0.110000,33.380000,-7.380000,5.060000
3.092000,400611.000000,36.000000,2440.000000,2927.000000,829.000000,1866.000000,1877.000000,0.000000,0.000000,0.000000,0.000000,0.000000,0.000000,0.000000,0.000000,0.000000,-2.120000,0.420000,-7.780000,-0.580000,0.140000,0.110000,33.380000,-7.380000,5.060000
3.094000,400612.000000,29.000000,2449.000000,2935.000000,833.000000,1872.000000,1869.000000,0.000000,0.000000,0.000000,0.000000,0.000000,0.000000,0.000000,0.000000,0.000000,-2.120000,0.420000,-7.780000,-0.580000,0.140000,0.110000,33.380000,-7.380000,5.060000
3.096000,400613.000000,27.000000,2474.000000,2957.000000,866.000000,1881.000000,1925.000000,0.000000,0.000000,0.000000,0.000000,0.000000,0.000000,0.000000,0.000000,0.000000,-2.120000,0.420000,-7.780000,-0.580000,0.140000,0.110000,33.380000,-7.380000,5.060000
3.098000,400614.000000,38.000000,2467.000000,2934.000000,886.000000,1888.000000,1921.000000,0.000000,0.000000,0.000000,0.000000,0.000000,0.000000,0.000000,0.000000,0.000000,-2.120000,0.420000,-7.780000,-0.580000,0.140000,0.110000,33.380000,-7.380000,5.060000
3.100000,400615.000000,818.000000,2491.000000,2945.000000,883.000000,1917.000000,1905.000000,0.000000,0.000000,0.000000,0.000000,0.000000,0.000000,0.000000,0.000000,0.000000,-2.080000,0.710000,-7.770000,-0.720000,0.100000,0.150000,33.380000,-7.380000,5.060000
3.102000,400616.000000,50.000000,2496.000000,2960.000000,890.000000,1904.000000,1959.000000,0.000000,0.000000,0.000000,0.000000,0.000000,0.000000,0.000000,0.000000,0.000000,-2.080000,0.710000,-7.770000,-0.720000,0.100000,0.150000,33.380000,-7.380000,5.060000
3.104000,400617.000000,48.000000,2512.000000,2985.000000,933.000000,1940.000000,2032.000000,0.000000,0.000000,0.000000,0.000000,0.000000,0.000000,0.000000,0.000000,0.000000,-2.080000,0.710000,-7.770000,-0.720000,0.100000,0.150000,33.380000,-7.380000,5.060000
3.106000,400618.000000,31.000000,2525.000000,3021.000000,962.000000,1947.000000,1990.000000,0.000000,0.000000,0.000000,0.000000,0.000000,0.000000,0.000000,0.000000,0.000000,-2.080000,0.710000,-7.770000,-0.720000,0.100000,0.150000,33.380000,-7.380000,5.060000
3.108000,400619.000000,17.000000,2544.000000,3010.000000,934.000000,1989.000000,1920.000000,0.000000,0.000000,0.000000,0.000000,0.000000,0.000000,0.000000,0.000000,0.000000,-2.080000,0.710000,-7.770000,-0.720000,0.100000,0.150000,33.380000,-7.380000,5.060000
3.110000,400620.000000,115.000000,2559.000000,3038.000000,908.000000,2017.000000,1838.000000,0.000000,0.000000,0.000000,0.000000,0.000000,0.000000,0.000000,0.000000,0.000000,-1.970000,1.060000,-7.710000,-0.780000,0.080000,0.160000,33.380000,-7.380000,5.060000
3.112000,400621.000000,30.000000,2559.000000,3009.000000,864.000000,2039.000000,1899.000000,0.000000,0.000000,0.000000,0.000000,0.000000,0.000000,0.000000,0.000000,0.000000,-1.970000,1.060000,-7.710000,-0.780000,0.080000,0.160000,33.380000,-7.380000,5.060000
3.114000,400622.000000,23.000000,2556.000000,3019.000000,863.000000,2036.000000,1890.000000,0.000000,0.000000,0.000000,0.000000,0.000000,0.000000,0.000000,0.000000,0.000000,-1.970000,1.060000,-7.710000,-0.780000,0.080000,0.160000,33.380000,-7.380000,5.060000
3.116000,400623.000000,34.000000,2559.000000,3017.000000,916.000000,2047.000000,1974.000000,0.000000,0.000000,0.000000,0.000000,0.000000,0.000000,0.000000,0.000000,0.000000,-1.970000,1.060000,-7.710000,-0.780000,0.080000,0.160000,33.380000,-7.380000,5.060000
3.118000,400624.000000,48.000000,2559.000000,3005.000000,938.000000,2071.000000,1953.000000,0.000000,0.000000,0.000000,0.000000,0.000000,0.000000,0.000000,0.000000,0.000000,-1.970000,1.060000,-7.710000,-0.780000,0.080000,0.160000,33.380000,-7.380000,5.060000
3.120000,400625.000000,843.000000,2559.000000,2976.000000,943.000000,2067.000000,1911.000000,0.000000,0.000000,0.000000,0.000000,0.000000,0.000000,0.000000,0.000000,0.000000,-1.990000,1.470000,-7.420000,-0.840000,0.110000,0.170000,32.380000,-7.750000,6.750000
3.122000,400626.000000,48.000000,2559.000000,2945.000000,921.000000,2046.000000,1971.000000,0.000000,0.000000,0.000000,0.000000,0.000000,0.000000,0.000000,0.000000,0.000000,-1.990000,1.470000,-7.420000,-0.840000,0.110000,0.170000,32.380000,-7.750000,6.750000
3.124000,400627.000000,43.000000,2512.000000,2939.000000,966.000000,2054.000000,2047.000000,0.000000,0.000000,0.000000,0.000000,0.000000,0.000000,0.000000,0.000000,0.000000,-1.990000,1.470000,-7.420000,-0.840000,0.110000,0.170000,32.380000,-7.750000,6.750000
3.126000,400628.000000,26.000000,2510.000000,2922.000000,982.000000,2099.000000,1999.000000,0.000000,0.000000,0.000000,0.000000,0.000000,0.000000,0.000000,0.000000,0.000000,-1.990000,1.470000,-7.420000,-0.840000,0.110000,0.170000,32.380000,-7.750000,6.750000
3.128000,400629.000000,41.000000,2512.000000,2901.000000,938.000000,2069.000000,1920.000000,0.000000,0.000000,0.000000,0.000000,0.000000,0.000000,0.000000,0.000000,0.000000,-1.990000,1.470000,-7.420000,-0.840000,0.110000,0.170000,32.380000,-7.750000,6.750000
3.130000,400630.000000,802.000000,2506.000000,2864.000000,920.000000,2078.000000,1840.000000,0.000000,0.000000,0.000000,0.000000,0.000000,0.000000,0.000000,0.000000,0.000000,-2.100000,1.610000,-7.240000,-0.840000,0.110000,0.170000,32.380000,-7.750000,6.750000
3.132000,400631.000000,27.000000,2359.000000,2838.000000,870.000000,2092.000000,1857.000000,0.000000,0.000000,0.000000,0.000000,0.000000,0.000000,0.000000,0.000000,0.000000,-2.100000,1.610000,-7.240000,-0.840000,0.110000,0.170000,32.380000,-7.750000,6.750000
3.134000,400632.000000,11.000000,2230.000000,2831.000000,874.000000,2080.000000,1865.000000,0.000000,0.000000,0.000000,0.000000,0.000000,0.000000,0.000000,0.000000,0.000000,-2.100000,1.610000,-7.240000,-0.840000,0.110000,0.170000,32.380000,-7.750000,6.750000
3.136000,400633.000000,14.000000,2125.000000,2816.000000,896.000000,2087.000000,1918.000000,0.000000,0.000000,0.000000,0.000000,0.000000,0.000000,0.000000,0.000000,0.000000,-2.100000,1.610000,-7.240000,-0.840000,0.110000,0.170000,32.380000,-7.750000,6.750000
3.138000,400634.000000,26.000000,2060.000000,2821.000000,914.000000,2064.000000,1936.000000,0.000000,0.000000,0.000000,0.000000,0.000000,0.000000,0.000000,0.000000,0.000000,-2.100000,1.610000,-7.240000,-0.840000,0.110000,0.170000,32.380000,-7.750000,6.750000
3.140000,400635.000000,87.000000,1983.000000,2829.000000,945.000000,2060.000000,1886.000000,0.000000,0.000000,0.000000,0.000000,0.000000,0.000000,0.000000,0.000000,0.000000,-2.390000,1.690000,-7.080000,-0.900000,0.090000,0.190000,32.380000,-7.750000,6.750000
3.142000,400636.000000,37.000000,1938.000000,2838.000000,912.000000,2026.000000,1914.000000,0.000000,0.000000,0.000000,0.000000,0.000000,0.000000,0.000000,0.000000,0.000000,-2.390000,1.690000,-7.080000,-0.900000,0.090000,0.190000,32.380000,-7.750000,6.750000
3.144000,400637.000000,19.000000,1921.000000,2830.000000,944.000000,2020.000000,1982.000000,0.000000,0.000000,0.000000,0.000000,0.000000,0.000000,0.000000,0.000000,0.000000,-2.390000,1.690000,-7.080000,-0.900000,0.090000,0.190000,32.380000,-7.750000,6.750000
3.146000,400638.000000,17.000000,1921.000000,2843.000000,975.000000,1984.000000,1937.000000,0.000000,0.000000,0.000000,0.000000,0.000000,0.000000,0.000000,0.000000,0.000000,-2.390000,1.690000,-7.080000,-0.900000,0.090000,0.190000,32.380000,-7.750000,6.750000
3.148000,400639.000000,4.000000,1895.000000,2861.000000,926.000000,1981.000000,1857.000000,0.000000,0.000000,0.000000,0.000000,0.000000,0.000000,0.000000,0.000000,0.000000,-2.390000,1.690000,-7.080000,-0.900000,0.090000,0.190000,32.380000,-7.750000,6.750000
3.150000,400640.000000,611.000000,1887.000000,2896.000000,875.000000,1983.000000,1799.000000,0.000000,0.000000,0.000000,0.000000,0.000000,0.000000,0.000000,0.000000,0.000000,-2.850000,1.650000,-7.450000,-1.020000,0.100000,0.220000,32.380000,-7.750000,6.750000
3.152000,400641.000000,16.000000,1865.000000,2874.000000,850.000000,1972.000000,1855.000000,0.000000,0.000000,0.000000,0.000000,0.000000,0.000000,0.000000,0.000000,0.000000,-2.850000,1.650000,-7.450000,-1.020000,0.100000,0.220000,32.380000,-7.750000,6.750000
3.154000,400642.000000,9.000000,1851.000000,2870.000000,848.000000,1975.000000,1849.000000,0.000000,0.000000,0.000000,0.000000,0.000000,0.000000,0.000000,0.000000,0.000000,-2.850000,1.650000,-7.450000,-1.020000,0.100000,0.220000,32.380000,-7.750000,6.750000
3.156000,400643.000000,6.000000,1830.000000,2854.000000,871.000000,1946.000000,1901.000000,0.000000,0.000000,0.000000,0.000000,0.000000,0.000000,0.000000,0.000000,0.000000,-2.850000,1.650000,-7.450000,-1.020000,0.100000,0.220000,32.380000,-7.750000,6.750000
3.158000,400644.000000,6.000000,1841.000000,2864.000000,839.000000,1975.000000,1909.000000,0.000000,0.000000,0.000000,0.000000,0.000000,0.000000,0.000000,0.000000,0.000000,-2.850000,1.650000,-7.450000,-1.020000,0.100000,0.220000,32.380000,-7.750000,6.750000
3.160000,400645.000000,77.000000,1843.000000,2863.000000,897.000000,1955.000000,1871.000000,0.000000,0.000000,0.000000,0.000000,0.000000,0.000000,0.000000,0.000000,0.000000,-2.910000,1.740000,-7.730000,-1.100000,0.150000,0.240000,32.380000,-7.750000,6.750000
3.162000,400646.000000,4.000000,1813.000000,2864.000000,881.000000,1974.000000,1910.000000,0.000000,0.000000,0.000000,0.000000,0.000000,0.000000,0.000000,0.000000,0.000000,-2.910000,1.740000,-7.730000,-1.100000,0.150000,0.240000,32.380000,-7.750000,6.750000
3.164000,400647.000000,17.000000,1850.000000,2849.000000,933.000000,1963.000000,1994.000000,0.000000,0.000000,0.000000,0.000000,0.000000,0.000000,0.000000,0.000000,0.000000,-2.910000,1.740000,-7.730000,-1.100000,0.150000,0.240000,32.380000,-7.750000,6.750000
3.166000,400648.000000,16.000000,1872.000000,2845.000000,938.000000,1995.000000,1936.000000,0.000000,0.000000,0.000000,0.000000,0.000000,0.000000,0.000000,0.000000,0.000000,-2.910000,1.740000,-7.730000,-1.100000,0.150000,0.240000,32.380000,-7.750000,6.750000
3.168000,400649.000000,2.000000,1899.000000,2881.000000,897.000000,2013.000000,1862.000000,0.000000,0.000000,0.000000,0.000000,0.000000,0.000000,0.000000,0.000000,0.000000,-2.910000,1.740000,-7.730000,-1.100000,0.150000,0.240000,32.380000,-7.750000,6.750000
3.170000,400650.000000,603.000000,1891.000000,2881.000000,859.000000,2064.000000,1780.000000,0.000000,0.000000,0.000000,0.000000,0.000000,0.000000,0.000000,0.000000,0.000000,-2.730000,1.870000,-7.670000,-1.170000,0.240000,0.240000,33.190000,-8.190000,4.250000
3.172000,400651.000000,15.000000,1874.000000,2864.000000,823.000000,2067.000000,1867.000000,0.000000,0.000000,0.000000,0.000000,0.000000,0.000000,0.000000,0.000000,0.000000,-2.730000,1.870000,-7.670000,-1.170000,0.240000,0.240000,33.190000,-8.190000,4.250000
3.174000,400652.000000,21.000000,1893.000000,2890.000000,836.000000,2079.000000,1873.000000,0.000000,0.000000,0.000000,0.000000,0.000000,0.000000,0.000000,0.000000,0.000000,-2.730000,1.870000,-7.670000,-1.170000,0.240000,0.240000,33.190000,-8.190000,4.250000
3.176000,400653.000000,15.000000,1919.000000,2867.000000,867.000000,2117.000000,1925.000000,0.000000,0.000000,0.000000,0.000000,0.000000,0.000000,0.000000,0.000000,0.000000,-2.730000,1.870000,-7.670000,-1.170000,0.240000,0.240000,33.190000,-8.190000,4.250000
3.178000,400654.000000,11.000000,1931.000000,2909.000000,874.000000,2123.000000,1904.000000,0.000000,0.000000,0.000000,0.000000,0.000000,0.000000,0.000000,0.000000,0.000000,-2.730000,1.870000,-7.670000,-1.170000,0.240000,0.240000,33.190000,-8.190000,4.250000
3.180000,400655.000000,627.000000,1979.000000,2896.000000,879.000000,2085.000000,1918.000000,0.000000,0.000000,0.000000,0.000000,0.000000,0.000000,0.000000,0.000000,0.000000,-2.600000,1.920000,-7.390000,-1.170000,0.240000,0.240000,33.190000,-8.190000,4.250000
3.182000,400656.000000,27.000000,1989.000000,2896.000000,898.000000,2173.000000,1928.000000,0.000000,0.000000,0.000000,0.000000,0.000000,0.000000,0.000000,0.000000,0.000000,-2.600000,1.920000,-7.390000,-1.170000,0.240000,0.240000,33.190000,-8.190000,4.250000
3.184000,400657.000000,18.000000,2015.000000,2903.000000,944.000000,2190.000000,2026.000000,0.000000,0.000000,0.000000,0.000000,0.000000,0.000000,0.000000,0.000000,0.000000,-2.600000,1.920000,-7.390000,-1.170000,0.240000,0.240000,33.190000,-8.190000,4.250000
3.186000,400658.000000,19.000000,2054.000000,2925.000000,950.000000,2215.000000,1965.000000,0.000000,0.000000,0.000000,0.000000,0.000000,0.000000,0.000000,0.000000,0.000000,-2.600000,1.920000,-7.390000,-1.170000,0.240000,0.240000,33.190000,-8.190000,4.250000
3.188000,400659.000000,15.000000,2055.000000,2960.000000,917.000000,2233.000000,1909.000000,0.000000,0.000000,0.000000,0.000000,0.000000,0.000000,0.000000,0.000000,0.000000,-2.600000,1.920000,-7.390000,-1.170000,0.240000,0.240000,33.190000,-8.190000,4.250000
3.190000,400660.000000,109.000000,2025.000000,2980.000000,914.000000,2234.000000,1814.000000,0.000000,0.000000,0.000000,0.000000,0.000000,0.000000,0.000000,0.000000,0.000000,-2.550000,2.210000,-7.280000,-1.220000,0.300000,0.230000,33.190000,-8.190000,4.250000
3.192000,400661.000000,62.000000,2011.000000,2979.000000,855.000000,2277.000000,1843.000000,0.000000,0.000000,0.000000,0.000000,0.000000,0.000000,0.000000,0.000000,0.000000,-2.550000,2.210000,-7.280000,-1.220000,0.300000,0.230000,33.190000,-8.190000,4.250000
3.194000,400662.000000,16.000000,1983.000000,2998.000000,863.000000,2286.000000,1872.000000,0.000000,0.000000,0.000000,0.000000,0.000000,0.000000,0.000000,0.000000,0.000000,-2.550000,2.210000,-7.280000,-1.220000,0.300000,0.230000,33.190000,-8.190000,4.250000
3.196000,400663.000000,14.000000,1971.000000,2992.000000,909.000000,2283.000000,1936.000000,0.000000,0.000000,0.000000,0.000000,0.000000,0.000000,0.000000,0.000000,0.000000,-2.550000,2.210000,-7.280000,-1.220000,0.300000,0.230000,33.190000,-8.190000,4.250000
3.198000,400664.000000,13.000000,1973.000000,2999.000000,925.000000,2299.000000,1934.000000,0.000000,0.000000,0.000000,0.000000,0.000000,0.000000,0.000000,0.000000,0.000000,-2.550000,2.210000,-7.280000,-1.220000,0.300000,0.230000,33.190000,-8.190000,4.250000
3.200000,400665.000000,24.000000,1953.000000,3035.000000,931.000000,2291.000000,1890.000000,0.000000,0.000000,0.000000,0.000000,0.000000,0.000000,0.000000,0.000000,0.000000,-2.340000,2.400000,-7.140000,-1.300000,0.320000,0.190000,33.190000,-8.190000,4.250000
3.202000,400666.000000,9.000000,1951.000000,3049.000000,928.000000,2277.000000,1951.000000,0.000000,0.000000,0.000000,0.000000,0.000000,0.000000,0.000000,0.000000,0.000000,-2.340000,2.400000,-7.140000,-1.300000,0.320000,0.190000,33.190000,-8.190000,4.250000
3.204000,400667.000000,22.000000,1954.000000,3024.000000,962.000000,2269.000000,2037.000000,0.000000,0.000000,0.000000,0.000000,0.000000,0.000000,0.000000,0.000000,0.000000,-2.340000,2.400000,-7.140000,-1.300000,0.320000,0.190000,33.190000,-8.190000,4.250000
3.206000,400668.000000,26.000000,1968.000000,3010.000000,972.000000,2273.000000,1964.000000,0.000000,0.000000,0.000000,0.000000,0.000000,0.000000,0.000000,0.000000,0.000000,-2.340000,2.400000,-7.140000,-1.300000,0.320000,0.190000,33.190000,-8.190000,4.250000
3.208000,400669.000000,16.000000,1982.000000,2992.000000,933.000000,2271.000000,1913.000000,0.000000,0.000000,0.000000,0.000000,0.000000,0.000000,0.000000,0.000000,0.000000,-2.340000,2.400000,-7.140000,-1.300000,0.320000,0.190000,33.190000,-8.190000,4.250000
3.210000,400670.000000,638.000000,1968.000000,2948.000000,902.000000,2258.000000,1789.000000,0.000000,0.000000,0.000000,0.000000,0.000000,0.000000,0.000000,0.000000,0.000000,-2.170000,2.520000,-7.290000,-1.330000,0.350000,0.140000,33.190000,-8.190000,4.250000
3.212000,400671.000000,17.000000,1949.000000,2938.000000,884.000000,2251.000000,1872.000000,0.000000,0.000000,0.000000,0.000000,0.000000,0.000000,0.000000,0.000000,0.000000,-2.170000,2.520000,-7.290000,-1.330000,0.350000,0.140000,33.190000,-8.190000,4.250000
3.214000,400672.000000,14.000000,1955.000000,2912.000000,880.000000,2243.000000,1893.000000,0.000000,0.000000,0.000000,0.000000,0.000000,0.000000,0.000000,0.000000,0.000000,-2.170000,2.520000,-7.290000,-1.330000,0.350000,0.140000,33.190000,-8.190000,4.250000
3.216000,400673.000000,20.000000,1968.000000,2873.000000,914.000000,2255.000000,1935.000000,0.000000,0.000000,0.000000,0.000000,0.000000,0.000000,0.000000,0.000000,0.000000,-2.170000,2.520000,-7.290000,-1.330000,0.350000,0.140000,33.190000,-8.190000,4.250000
3.218000,400674.000000,16.000000,1965.000000,2846.000000,934.000000,2222.000000,1922.000000,0.000000,0.000000,0.000000,0.000000,0.000000,0.000000,0.000000,0.000000,0.000000,-2.170000,2.520000,-7.290000,-1.330000,0.350000,0.140000,33.190000,-8.190000,4.250000
3.220000,400675.000000,629.000000,1978.000000,2838.000000,933.000000,2210.000000,1882.000000,0.000000,0.000000,0.000000,0.000000,0.000000,0.000000,0.000000,0.000000,0.000000,-2.060000,2.600000,-7.300000,-1.370000,0.320000,0.110000,33.380000,-9.190000,6.380000
3.222000,400676.000000,41.000000,2407.000000,2762.000000,943.000000,2189.000000,1946.000000,0.000000,0.000000,0.000000,0.000000,0.000000,0.000000,0.000000,0.000000,0.000000,-2.060000,2.600000,-7.300000,-1.370000,0.320000,0.110000,33.380000,-9.190000,6.380000
3.224000,400677.000000,103.000000,3261.000000,2719.000000,978.000000,2158.000000,2067.000000,0.000000,0.000000,0.000000,0.000000,0.000000,0.000000,0.000000,0.000000,0.000000,-2.060000,2.600000,-7.300000,-1.370000,0.320000,0.110000,33.380000,-9.190000,6.380000
3.226000,400678.000000,80.000000,3504.000000,2690.000000,1003.000000,2131.000000,2018.000000,0.000000,0.000000,0.000000,0.000000,0.000000,0.000000,0.000000,0.000000,0.000000,-2.060000,2.600000,-7.300000,-1.370000,0.320000,0.110000,33.380000,-9.190000,6.380000
3.228000,400679.000000,65.000000,3498.000000,2658.000000,958.000000,2126.000000,1960.000000,0.000000,0.000000,0.000000,0.000000,0.000000,0.000000,0.000000,0.000000,0.000000,-2.060000,2.600000,-7.300000,-1.370000,0.320000,0.110000,33.380000,-9.190000,6.380000
3.230000,400680.000000,1109.000000,3430.000000,2670.000000,917.000000,2110.000000,1861.000000,0.000000,0.000000,0.000000,0.000000,0.000000,0.000000,0.000000,0.000000,0.000000,-2.220000,2.900000,-7.280000,-1.370000,0.320000,0.110000,33.380000,-9.190000,6.380000
3.232000,400681.000000,85.000000,3312.000000,2620.000000,909.000000,2039.000000,1913.000000,0.000000,0.000000,0.000000,0.000000,0.000000,0.000000,0.000000,0.000000,0.000000,-2.220000,2.900000,-7.280000,-1.370000,0.320000,0.110000,33.380000,-9.190000,6.380000
3.234000,400682.000000,52.000000,3203.000000,2608.000000,910.000000,2037.000000,1951.000000,0.000000,0.000000,0.000000,0.000000,0.000000,0.000000,0.000000,0.000000,0.000000,-2.220000,2.900000,-7.280000,-1.370000,0.320000,0.110000,33.380000,-9.190000,6.380000
3.236000,400683.000000,64.000000,3136.000000,2606.000000,923.000000,2023.000000,1975.000000,0.000000,0.000000,0.000000,0.000000,0.000000,0.000000,0.000000,0.000000,0.000000,-2.220000,2.900000,-7.280000,-1.370000,0.320000,0.110000,33.380000,-9.190000,6.380000
3.238000,400684.000000,48.000000,3056.000000,2595.000000,969.000000,1994.000000,1975.000000,0.000000,0.000000,0.000000,0.000000,0.000000,0.000000,0.000000,0.000000,0.000000,-2.220000,2.900000,-7.280000,-1.370000,0.320000,0.110000,33.380000,-9.190000,6.380000
3.240000,400685.000000,191.000000,3007.000000,2587.000000,933.000000,1988.000000,1952.000000,0.000000,0.000000,0.000000,0.000000,0.000000,0.000000,0.000000,0.000000,0.000000,-2.430000,3.120000,-7.240000,-1.450000,0.270000,0.080000,33.380000,-9.190000,6.380000
3.242000,400686.000000,43.000000,2937.000000,2622.000000,937.000000,1970.000000,1943.000000,0.000000,0.000000,0.000000,0.000000,0.000000,0.000000,0.000000,0.000000,0.000000,-2.430000,3.120000,-7.240000,-1.450000,0.270000,0.080000,33.380000,-9.190000,6.380000
3.244000,400687.000000,43.000000,2873.000000,2630.000000,993.000000,1954.000000,2035.000000,0.000000,0.000000,0.000000,0.000000,0.000000,0.000000,0.000000,0.000000,0.000000,-2.430000,3.120000,-7.240000,-1.450000,0.270000,0.080000,33.380000,-9.190000,6.380000
3.246000,400688.000000,48.000000,2843.000000,2625.000000,995.000000,1921.000000,1969.000000,0.000000,0.000000,0.000000,0.000000,0.000000,0.000000,0.000000,0.000000,0.000000,-2.430000,3.120000,-7.240000,-1.450000,0.270000,0.080000,33.380000,-9.190000,6.380000
3.248000,400689.000000,19.000000,2808.000000,2666.000000,947.000000,1916.000000,1908.000000,0.000000,0.000000,0.000000,0.000000,0.000000,0.000000,0.000000,0.000000,0.000000,-2.430000,3.120000,-7.240000,-1.450000,0.270000,0.080000,33.380000,-9.190000,6.380000
3.250000,400690.000000,173.000000,2791.000000,2726.000000,912.000000,1865.000000,1834.000000,0.000000,0.000000,0.000000,0.000000,0.000000,0.000000,0.000000,0.000000,0.000000,-2.740000,3.340000,-7.360000,-1.540000,0.270000,0.080000,33.380000,-9.190000,6.380000
3.252000,400691.000000,22.000000,2735.000000,2755.000000,867.000000,1842.000000,1904.000000,0.000000,0.000000,0.000000,0.000000,0.000000,0.000000,0.000000,0.000000,0.000000,-2.740000,3.340000,-7.360000,-1.540000,0.270000,0.080000,33.380000,-9.190000,6.380000
3.254000,400692.000000,42.000000,2688.000000,2809.000000,885.000000,1823.000000,1936.000000,0.000000,0.000000,0.000000,0.000000,0.000000,0.000000,0.000000,0.000000,0.000000,-2.740000,3.340000,-7.360000,-1.540000,0.270000,0.080000,33.380000,-9.190000,6.380000
3.256000,400693.000000,39.000000,2663.000000,2842.000000,913.000000,1790.000000,1922.000000,0.000000,0.000000,0.000000,0.000000,0.000000,0.000000,0.000000,0.000000,0.000000,-2.740000,3.340000,-7.360000,-1.540000,0.270000,0.080000,33.380000,-9.190000,6.380000
3.258000,400694.000000,20.000000,2649.000000,2863.000000,928.000000,1767.000000,1926.000000,0.000000,0.000000,0.000000,0.000000,0.000000,0.000000,0.000000,0.000000,0.000000,-2.740000,3.340000,-7.360000,-1.540000,0.270000,0.080000,33.380000,-9.190000,6.380000
3.260000,400695.000000,854.000000,2608.000000,2913.000000,910.000000,1750.000000,1913.000000,0.000000,0.000000,0.000000,0.000000,0.000000,0.000000,0.000000,0.000000,0.000000,-2.970000,3.470000,-7.620000,-1.590000,0.290000,0.100000,33.380000,-9.190000,6.380000
3.262000,400696.000000,43.000000,2559.000000,2954.000000,927.000000,1712.000000,1946.000000,0.000000,0.000000,0.000000,0.000000,0.000000,0.000000,0.000000,0.000000,0.000000,-2.970000,3.470000,-7.620000,-1.590000,0.290000,0.100000,33.380000,-9.190000,6.380000
3.264000,400697.000000,36.000000,2540.000000,2991.000000,950.000000,1687.000000,2029.000000,0.000000,0.000000,0.000000,0.000000,0.000000,0.000000,0.000000,0.000000,0.000000,-2.970000,3.470000,-7.620000,-1.590000,0.290000,0.100000,33.380000,-9.190000,6.380000
3.266000,400698.000000,47.000000,2530.000000,3038.000000,973.000000,1664.000000,1947.000000,0.000000,0.000000,0.000000,0.000000,0.000000,0.000000,0.000000,0.000000,0.000000,-2.970000,3.470000,-7.620000,-1.590000,0.290000,0.100000,33.380000,-9.190000,6.380000
3.268000,400699.000000,25.000000,2543.000000,3014.000000,937.000000,1642.000000,1919.000000,0.000000,0.000000,0.000000,0.000000,0.000000,0.000000,0.000000,0.000000,0.000000,-2.970000,3.470000,-7.620000,-1.590000,0.290000,0.100000,33.380000,-9.190000,6.380000
3.270000,400700.000000,821.000000,2519.000000,3049.000000,894.000000,1602.000000,1803.000000,0.000000,0.000000,0.000000,0.000000,0.000000,0.000000,0.000000,0.000000,0.000000,-2.690000,3.470000,-7.660000,-1.640000,0.320000,0.110000,32.880000,-9.190000,4.750000
3.272000,400701.000000,48.000000,2525.000000,3051.000000,858.000000,1602.000000,1854.000000,0.000000,0.000000,0.000000,0.000000,0.000000,0.000000,0.000000,0.000000,0.000000,-2.690000,3.470000,-7.660000,-1.640000,0.320000,0.110000,32.880000,-9.190000,4.750000
3.274000,400702.000000,43.000000,2519.000000,3056.000000,883.000000,1574.000000,1933.000000,0.000000,0.000000,0.000000,0.000000,0.000000,0.000000,0.000000,0.000000,0.000000,-2.690000,3.470000,-7.660000,-1.640000,0.320000,0.110000,32.880000,-9.190000,4.750000
3.276000,400703.000000,32.000000,2512.000000,3039.000000,899.000000,1553.000000,1921.000000,0.000000,0.000000,0.000000,0.000000,0.000000,0.000000,0.000000,0.000000,0.000000,-2.690000,3.470000,-7.660000,-1.640000,0.320000,0.110000,32.880000,-9.190000,4.750000
3.278000,400704.000000,33.000000,2513.000000,3039.000000,921.000000,1566.000000,1939.000000,0.000000,0.000000,0.000000,0.000000,0.000000,0.000000,0.000000,0.000000,0.000000,-2.690000,3.470000,-7.660000,-1.640000,0.320000,0.110000,32.880000,-9.190000,4.750000
3.280000,400705.000000,818.000000,2495.000000,3031.000000,922.000000,1571.000000,1909.000000,0.000000,0.000000,0.000000,0.000000,0.000000,0.000000,0.000000,0.000000,0.000000,-2.300000,3.320000,-7.500000,-1.640000,0.320000,0.110000,32.880000,-9.190000,4.750000
3.282000,400706.000000,48.000000,2499.000000,3004.000000,912.000000,1562.000000,1919.000000,0.000000,0.000000,0.000000,0.000000,0.000000,0.000000,0.000000,0.000000,0.000000,-2.300000,3.320000,-7.500000,-1.640000,0.320000,0.110000,32.880000,-9.190000,4.750000
3.284000,400707.000000,39.000000,2511.000000,2989.000000,979.000000,1591.000000,2005.000000,0.000000,0.000000,0.000000,0.000000,0.000000,0.000000,0.000000,0.000000,0.000000,-2.300000,3.320000,-7.500000,-1.640000,0.320000,0.110000,32.880000,-9.190000,4.750000
3.286000,400708.000000,32.000000,2486.000000,2973.000000,965.000000,1627.000000,1917.000000,0.000000,0.000000,0.000000,0.000000,0.000000,0.000000,0.000000,0.000000,0.000000,-2.300000,3.320000,-7.500000,-1.640000,0.320000,0.110000,32.880000,-9.190000,4.750000
3.288000,400709.000000,33.000000,2491.000000,2973.000000,918.000000,1648.000000,1897.000000,0.000000,0.000000,0.000000,0.000000,0.000000,0.000000,0.000000,0.000000,0.000000,-2.300000,3.320000,-7.500000,-1.640000,0.320000,0.110000,32.880000,-9.190000,4.750000
3.290000,400710.000000,13.000000,2480.000000,2991.000000,892.000000,1690.000000,1798.000000,0.000000,0.000000,0.000000,0.000000,0.000000,0.000000,0.000000,0.000000,0.000000,-1.890000,3.310000,-7.390000,-1.700000,0.370000,0.100000,32.880000,-9.190000,4.750000
3.292000,400711.000000,143.000000,2491.000000,2967.000000,862.000000,1710.000000,1872.000000,0.000000,0.000000,0.000000,0.000000,0.000000,0.000000,0.000000,0.000000,0.000000,-1.890000,3.310000,-7.390000,-1.700000,0.370000,0.100000,32.880000,-9.190000,4.750000
3.294000,400712.000000,34.000000,2448.000000,3019.000000,891.000000,1711.000000,1905.000000,0.000000,0.000000,0.000000,0.000000,0.000000,0.000000,0.000000,0.000000,0.000000,-1.890000,3.310000,-7.390000,-1.700000,0.370000,0.100000,32.880000,-9.190000,4.750000
3.296000,400713.000000,29.000000,2467.000000,3018.000000,912.000000,1730.000000,1941.000000,0.000000,0.000000,0.000000,0.000000,0.000000,0.000000,0.000000,0.000000,0.000000,-1.890000,3.310000,-7.390000,-1.700000,0.370000,0.100000,32.880000,-9.190000,4.750000
3.298000,400714.000000,17.000000,2455.000000,2986.000000,924.000000,1749.000000,1913.000000,0.000000,0.000000,0.000000,0.000000,0.000000,0.000000,0.000000,0.000000,0.000000,-1.890000,3.310000,-7.390000,-1.700000,0.370000,0.100000,32.880000,-9.190000,4.750000
3.300000,400715.000000,799.000000,2442.000000,3053.000000,927.000000,1751.000000,1905.000000,0.000000,0.000000,0.000000,0.000000,0.000000,0.000000,0.000000,0.000000,0.000000,-1.630000,3.550000,-7.070000,-1.780000,0.480000,0.040000,32.880000,-9.190000,4.750000
3.302000,400716.000000,46.000000,2423.000000,3036.000000,938.000000,1793.000000,1958.000000,0.000000,0.000000,0.000000,0.000000,0.000000,0.000000,0.000000,0.000000,0.000000,-1.630000,3.550000,-7.070000,-1.780000,0.480000,0.040000,32.880000,-9.190000,4.750000
3.304000,400717.000000,35.000000,2399.000000,3044.000000,975.000000,1809.000000,2032.000000,0.000000,0.000000,0.000000,0.000000,0.000000,0.000000,0.000000,0.000000,0.000000,-1.630000,3.550000,-7.070000,-1.780000,0.480000,0.040000,32.880000,-9.190000,4.750000
3.306000,400718.000000,33.000000,2396.000000,3024.000000,976.000000,1819.000000,1936.000000,0.000000,0.000000,0.000000,0.000000,0.000000,0.000000,0.000000,0.000000,0.000000,-1.630000,3.550000,-7.070000,-1.780000,0.480000,0.040000,32.880000,-9.190000,4.750000
3.308000,400719.000000,16.000000,2379.000000,3038.000000,945.000000,1841.000000,1875.000000,0.000000,0.000000,0.000000,0.000000,0.000000,0.000000,0.000000,0.000000,0.000000,-1.630000,3.550000,-7.070000,-1.780000,0.480000,0.040000,32.880000,-9.190000,4.750000
3.310000,400720.000000,754.000000,2371.000000,3039.000000,880.000000,1872.000000,1792.000000,0.000000,0.000000,0.000000,0.000000,0.000000,0.000000,0.000000,0.000000,0.000000,-1.570000,4.490000,-7.290000,-1.830000,0.420000,0.010000,32.880000,-9.190000,4.750000
3.312000,400721.000000,32.000000,2324.000000,2999.000000,879.000000,1872.000000,1888.000000,0.000000,0.000000,0.000000,0.000000,0.000000,0.000000,0.000000,0.000000,0.000000,-1.570000,4.490000,-7.290000,-1.830000,0.420000,0.010000,32.880000,-9.190000,4.750000
3.314000,400722.000000,26.000000,2320.000000,2977.000000,915.000000,1878.000000,1935.000000,0.000000,0.000000,0.000000,0.000000,0.000000,0.000000,0.000000,0.000000,0.000000,-1.570000,4.490000,-7.290000,-1.830000,0.420000,0.010000,32.880000,-9.190000,4.750000
3.316000,400723.000000,31.000000,2327.000000,2963.000000,929.000000,1872.000000,1949.000000,0.000000,0.000000,0.000000,0.000000,0.000000,0.000000,0.000000,0.000000,0.000000,-1.570000,4.490000,-7.290000,-1.830000,0.420000,0.010000,32.880000,-9.190000,4.750000
3.318000,400724.000000,20.000000,2292.000000,2946.000000,939.000000,1898.000000,1918.000000,0.000000,0.000000,0.000000,0.000000,0.000000,0.000000,0.000000,0.000000,0.000000,-1.570000,4.490000,-7.290000,-1.830000,0.420000,0.010000,32.880000,-9.190000,4.750000
3.320000,400725.000000,769.000000,2311.000000,2905.000000,943.000000,1873.000000,1895.000000,0.000000,0.000000,0.000000,0.000000,0.000000,0.000000,0.000000,0.000000,0.000000,-1.640000,4.760000,-7.420000,-1.890000,0.300000,-0.010000,33.750000,-9.190000,6.380000
3.322000,400726.000000,32.000000,2320.000000,2879.000000,937.000000,1903.000000,1949.000000,0.000000,0.000000,0.000000,0.000000,0.000000,0.000000,0.000000,0.000000,0.000000,-1.640000,4.760000,-7.420000,-1.890000,0.300000,-0.010000,33.750000,-9.190000,6.380000
3.324000,400727.000000,113.000000,2317.000000,2809.000000,1009.000000,1885.000000,1997.000000,0.000000,0.000000,0.000000,0.000000,0.000000,0.000000,0.000000,0.000000,0.000000,-1.640000,4.760000,-7.420000,-1.890000,0.300000,-0.010000,33.750000,-9.190000,6.380000
3.326000,400728.000000,22.000000,2319.000000,2807.000000,977.000000,1898.000000,1925.000000,0.000000,0.000000,0.000000,0.000000,0.000000,0.000000,0.000000,0.000000,0.000000,-1.640000,4.760000,-7.420000,-1.890000,0.300000,-0.010000,33.750000,-9.190000,6.380000
3.328000,400729.000000,14.000000,2330.000000,2779.000000,934.000000,1885.000000,1873.000000,0.000000,0.000000,0.000000,0.000000,0.000000,0.000000,0.000000,0.000000,0.000000,-1.640000,4.760000,-7.420000,-1.890000,0.300000,-0.010000,33.750000,-9.190000,6.380000
3.330000,400730.000000,739.000000,2330.000000,2731.000000,915.000000,1872.000000,1783.000000,0.000000,0.000000,0.000000,0.000000,0.000000,0.000000,0.000000,0.000000,0.000000,-1.750000,4.840000,-7.550000,-1.890000,0.300000,-0.010000,33.750000,-9.190000,6.380000
3.332000,400731.000000,31.000000,2289.000000,2655.000000,879.000000,1888.000000,1872.000000,0.000000,0.000000,0.000000,0.000000,0.000000,0.000000,0.000000,0.000000,0.000000,-1.750000,4.840000,-7.550000,-1.890000,0.300000,-0.010000,33.750000,-9.190000,6.380000
3.334000,400732.000000,19.000000,2301.000000,2607.000000,898.000000,1901.000000,1911.000000,0.000000,0.000000,0.000000,0.000000,0.000000,0.000000,0.000000,0.000000,0.000000,-1.750000,4.840000,-7.550000,-1.890000,0.300000,-0.010000,33.750000,-9.190000,6.380000
3.336000,400733.000000,21.000000,2282.000000,2559.000000,940.000000,1884.000000,1909.000000,0.000000,0.000000,0.000000,0.000000,0.000000,0.000000,0.000000,0.000000,0.000000,-1.750000,4.840000,-7.550000,-1.890000,0.300000,-0.010000,33.750000,-9.190000,6.380000
3.338000,400734.000000,16.000000,2262.000000,2544.000000,947.000000,1888.000000,1908.000000,0.000000,0.000000,0.000000,0.000000,0.000000,0.000000,0.000000,0.000000,0.000000,-1.750000,4.840000,-7.550000,-1.890000,0.300000,-0.010000,33.750000,-9.190000,6.380000
3.340000,400735.000000,9.000000,2221.000000,2505.000000,941.000000,1899.000000,1901.000000,0.000000,0.000000,0.000000,0.000000,0.000000,0.000000,0.000000,0.000000,0.000000,-2.080000,5.070000,-7.110000,-1.920000,0.220000,-0.020000,33.750000,-9.190000,6.380000
3.342000,400736.000000,144.000000,2226.000000,2489.000000,921.000000,1886.000000,1912.000000,0.000000,0.000000,0.000000,0.000000,0.000000,0.000000,0.000000,0.000000,0.000000,-2.080000,5.070000,-7.110000,-1.920000,0.220000,-0.020000,33.750000,-9.190000,6.380000
3.344000,400737.000000,42.000000,2198.000000,2512.000000,967.000000,1867.000000,1985.000000,0.000000,0.000000,0.000000,0.000000,0.000000,0.000000,0.000000,0.000000,0.000000,-2.080000,5.070000,-7.110000,-1.920000,0.220000,-0.020000,33.750000,-9.190000,6.380000
3.346000,400738.000000,17.000000,2181.000000,2542.000000,946.000000,1865.000000,1881.000000,0.000000,0.000000,0.000000,0.000000,0.000000,0.000000,0.000000,0.000000,0.000000,-2.080000,5.070000,-7.110000,-1.920000,0.220000,-0.020000,33.750000,-9.190000,6.380000
3.348000,400739.000000,16.000000,2172.000000,2531.000000,912.000000,1861.000000,1863.000000,0.000000,0.000000,0.000000,0.000000,0.000000,0.000000,0.000000,0.000000,0.000000,-2.080000,5.070000,-7.110000,-1.920000,0.220000,-0.020000,33.750000,-9.190000,6.380000
3.350000,400740.000000,676.000000,2155.000000,2585.000000,859.000000,1843.000000,1763.000000,0.000000,0.000000,0.000000,0.000000,0.000000,0.000000,0.000000,0.000000,0.000000,-2.180000,5.140000,-6.990000,-1.910000,0.220000,-0.010000,33.750000,-9.190000,6.380000
3.352000,400741.000000,27.000000,2113.000000,2607.000000,866.000000,1793.000000,1862.000000,0.000000,0.000000,0.000000,0.000000,0.000000,0.000000,0.000000,0.000000,0.000000,-2.180000,5.140000,-6.990000,-1.910000,0.220000,-0.010000,33.750000,-9.190000,6.380000
3.354000,400742.000000,14.000000,2074.000000,2672.000000,871.000000,1777.000000,1904.000000,0.000000,0.000000,0.000000,0.000000,0.000000,0.000000,0.000000,0.000000,0.000000,-2.180000,5.140000,-6.990000,-1.910000,0.220000,-0.010000,33.750000,-9.190000,6.380000
3.356000,400743.000000,10.000000,2043.000000,2733.000000,908.000000,1756.000000,1905.000000,0.000000,0.000000,0.000000,0.000000,0.000000,0.000000,0.000000,0.000000,0.000000,-2.180000,5.140000,-6.990000,-1.910000,0.220000,-0.010000,33.750000,-9.190000,6.380000
3.358000,400744.000000,9.000000,2000.000000,2779.000000,891.000000,1770.000000,1899.000000,0.000000,0.000000,0.000000,0.000000,0.000000,0.000000,0.000000,0.000000,0.000000,-2.180000,5.140000,-6.990000,-1.910000,0.220000,-0.010000,33.750000,-9.190000,6.380000
3.360000,400745.000000,642.000000,1962.000000,2829.000000,886.000000,1743.000000,1866.000000,0.000000,0.000000,0.000000,0.000000,0.000000,0.000000,0.000000,0.000000,0.000000,-2.350000,5.180000,-7.150000,-1.910000,0.250000,0.010000,33.750000,-9.190000,6.380000
3.362000,400746.000000,21.000000,1936.000000,2849.000000,893.000000,1741.000000,1914.000000,0.000000,0.000000,0.000000,0.000000,0.000000,0.000000,0.000000,0.000000,0.000000,-2.350000,5.180000,-7.150000,-1.910000,0.250000,0.010000,33.750000,-9.190000,6.380000
3.364000,400747.000000,30.000000,1909.000000,2893.000000,947.000000,1723.000000,1983.000000,0.000000,0.000000,0.000000,0.000000,0.000000,0.000000,0.000000,0.000000,0.000000,-2.350000,5.180000,-7.150000,-1.910000,0.250000,0.010000,33.750000,-9.190000,6.380000
3.366000,400748.000000,18.000000,1908.000000,2911.000000,948.000000,1686.000000,1899.000000,0.000000,0.000000,0.000000,0.000000,0.000000,0.000000,0.000000,0.000000,0.000000,-2.350000,5.180000,-7.150000,-1.910000,0.250000,0.010000,33.750000,-9.190000,6.380000
3.368000,400749.000000,12.000000,1889.000000,2938.000000,897.000000,1665.000000,1846.000000,0.000000,0.000000,0.000000,0.000000,0.000000,0.000000,0.000000,0.000000,0.000000,-2.350000,5.180000,-7.150000,-1.910000,0.250000,0.010000,33.750000,-9.190000,6.380000
3.370000,400750.000000,607.000000,1893.000000,2934.000000,834.000000,1643.000000,1744.000000,0.000000,0.000000,0.000000,0.000000,0.000000,0.000000,0.000000,0.000000,0.000000,-2.410000,5.160000,-7.450000,-1.970000,0.260000,0.030000,33.500000,-11.380000,3.880000
3.372000,400751.000000,21.000000,1887.000000,2948.000000,839.000000,1612.000000,1841.000000,0.000000,0.000000,0.000000,0.000000,0.000000,0.000000,0.000000,0.000000,0.000000,-2.410000,5.160000,-7.450000,-1.970000,0.260000,0.030000,33.500000,-11.380000,3.880000
3.374000,400752.000000,59.000000,1904.000000,2960.000000,848.000000,1562.000000,1886.000000,0.000000,0.000000,0.000000,0.000000,0.000000,0.000000,0.000000,0.000000,0.000000,-2.410000,5.160000,-7.450000,-1.970000,0.260000,0.030000,33.500000,-11.380000,3.880000
3.376000,400753.000000,10.000000,1904.000000,2939.000000,880.000000,1521.000000,1904.000000,0.000000,0.000000,0.000000,0.000000,0.000000,0.000000,0.000000,0.000000,0.000000,-2.410000,5.160000,-7.450000,-1.970000,0.260000,0.030000,33.500000,-11.380000,3.880000
3.378000,400754.000000,16.000000,1921.000000,2933.000000,881.000000,1497.000000,1877.000000,0.000000,0.000000,0.000000,0.000000,0.000000,0.000000,0.000000,0.000000,0.000000,-2.410000,5.160000,-7.450000,-1.970000,0.260000,0.030000,33.500000,-11.380000,3.880000
3.380000,400755.000000,18.000000,1892.000000,2944.000000,897.000000,1463.000000,1862.000000,0.000000,0.000000,0.000000,0.000000,0.000000,0.000000,0.000000,0.000000,0.000000,-1.760000,5.010000,-7.660000,-1.970000,0.260000,0.030000,33.500000,-11.380000,3.880000
3.382000,400756.000000,95.000000,1899.000000,2883.000000,921.000000,1447.000000,1919.000000,0.000000,0.000000,0.000000,0.000000,0.000000,0.000000,0.000000,0.000000,0.000000,-1.760000,5.010000,-7.660000,-1.970000,0.260000,0.030000,33.500000,-11.380000,3.880000
3.384000,400757.000000,23.000000,1870.000000,2863.000000,957.000000,1434.000000,1966.000000,0.000000,0.000000,0.000000,0.000000,0.000000,0.000000,0.000000,0.000000,0.000000,-1.760000,5.010000,-7.660000,-1.970000,0.260000,0.030000,33.500000,-11.380000,3.880000
3.386000,400758.000000,6.000000,1885.000000,2842.000000,943.000000,1413.000000,1866.000000,0.000000,0.000000,0.000000,0.000000,0.000000,0.000000,0.000000,0.000000,0.000000,-1.760000,5.010000,-7.660000,-1.970000,0.260000,0.030000,33.500000,-11.380000,3.880000
3.388000,400759.000000,9.000000,1911.000000,2796.000000,901.000000,1398.000000,1810.000000,0.000000,0.000000,0.000000,0.000000,0.000000,0.000000,0.000000,0.000000,0.000000,-1.760000,5.010000,-7.660000,-1.970000,0.260000,0.030000,33.500000,-11.380000,3.880000
3.390000,400760.000000,592.000000,1903.000000,2768.000000,834.000000,1385.000000,1702.000000,0.000000,0.000000,0.000000,0.000000,0.000000,0.000000,0.000000,0.000000,0.000000,-1.370000,5.000000,-7.300000,-2.040000,0.230000,0.030000,33.500000,-11.380000,3.880000
3.392000,400761.000000,16.000000,1887.000000,2693.000000,833.000000,1351.000000,1798.000000,0.000000,0.000000,0.000000,0.000000,0.000000,0.000000,0.000000,0.000000,0.000000,-1.370000,5.000000,-7.300000,-2.040000,0.230000,0.030000,33.500000,-11.380000,3.880000
3.394000,400762.000000,5.000000,1895.000000,2657.000000,851.000000,1347.000000,1854.000000,0.000000,0.000000,0.000000,0.000000,0.000000,0.000000,0.000000,0.000000,0.000000,-1.370000,5.000000,-7.300000,-2.040000,0.230000,0.030000,33.500000,-11.380000,3.880000
3.396000,400763.000000,6.000000,1902.000000,2615.000000,883.000000,1321.000000,1851.000000,0.000000,0.000000,0.000000,0.000000,0.000000,0.000000,0.000000,0.000000,0.000000,-1.370000,5.000000,-7.300000,-2.040000,0.230000,0.030000,33.500000,-11.380000,3.880000
3.398000,400764.000000,12.000000,1904.000000,2594.000000,877.000000,1318.000000,1846.000000,0.000000,0.000000,0.000000,0.000000,0.000000,0.000000,0.000000,0.000000,0.000000,-1.370000,5.000000,-7.300000,-2.040000,0.230000,0.030000,33.500000,-11.380000,3.880000
3.400000,400765.000000,609.000000,1907.000000,2606.000000,870.000000,1324.000000,1805.000000,0.000000,0.000000,0.000000,0.000000,0.000000,0.000000,0.000000,0.000000,0.000000,-1.230000,5.220000,-6.990000,-2.090000,0.270000,0.000000,33.500000,-11.380000,3.880000
3.402000,400766.000000,27.000000,1905.000000,2619.000000,880.000000,1354.000000,1897.000000,0.000000,0.000000,0.000000,0.000000,0.000000,0.000000,0.000000,0.000000,0.000000,-1.230000,5.220000,-6.990000,-2.090000,0.270000,0.000000,33.500000,-11.380000,3.880000
3.404000,400767.000000,14.000000,1901.000000,2608.000000,937.000000,1374.000000,1925.000000,0.000000,0.000000,0.000000,0.000000,0.000000,0.000000,0.000000,0.000000,0.000000,-1.230000,5.220000,-6.990000,-2.090000,0.270000,0.000000,33.500000,-11.380000,3.880000
3.406000,400768.000000,15.000000,1871.000000,2617.000000,924.000000,1394.000000,1855.000000,0.000000,0.000000,0.000000,0.000000,0.000000,0.000000,0.000000,0.000000,0.000000,-1.230000,5.220000,-6.990000,-2.090000,0.270000,0.000000,33.500000,-11.380000,3.880000
3.408000,400769.000000,32.000000,1864.000000,2559.000000,864.000000,1401.000000,2428.000000,0.000000,0.000000,0.000000,0.000000,0.000000,0.000000,0.000000,0.000000,0.000000,-1.230000,5.220000,-6.990000,-2.090000,0.270000,0.000000,33.500000,-11.380000,3.880000
3.410000,400770.000000,641.000000,1842.000000,2582.000000,834.000000,1422.000000,2458.000000,0.000000,0.000000,0.000000,0.000000,0.000000,0.000000,0.000000,0.000000,0.000000,-1.270000,5.810000,-6.880000,-2.110000,0.300000,-0.020000,33.500000,-11.380000,3.880000
3.412000,400771.000000,48.000000,1834.000000,2581.000000,855.000000,1474.000000,2151.000000,0.000000,0.000000,0.000000,0.000000,0.000000,0.000000,0.000000,0.000000,0.000000,-1.270000,5.810000,-6.880000,-2.110000,0.300000,-0.020000,33.500000,-11.380000,3.880000
3.414000,400772.000000,18.000000,1827.000000,2559.000000,866.000000,1477.000000,2013.000000,0.000000,0.000000,0.000000,0.000000,0.000000,0.000000,0.000000,0.000000,0.000000,-1.270000,5.810000,-6.880000,-2.110000,0.300000,-0.020000,33.500000,-11.380000,3.880000
3.416000,400773.000000,16.000000,1797.000000,2506.000000,900.000000,1529.000000,1915.000000,0.000000,0.000000,0.000000,0.000000,0.000000,0.000000,0.000000,0.000000,0.000000,-1.270000,5.810000,-6.880000,-2.110000,0.300000,-0.020000,33.500000,-11.380000,3.880000
3.418000,400774.000000,6.000000,1838.000000,2491.000000,893.000000,1535.000000,1890.000000,0.000000,0.000000,0.000000,0.000000,0.000000,0.000000,0.000000,0.000000,0.000000,-1.270000,5.810000,-6.880000,-2.110000,0.300000,-0.020000,33.500000,-11.380000,3.880000
3.420000,400775.000000,576.000000,1846.000000,2430.000000,911.000000,1600.000000,1839.000000,0.000000,0.000000,0.000000,0.000000,0.000000,0.000000,0.000000,0.000000,0.000000,-1.490000,7.150000,-7.120000,-2.120000,0.310000,-0.020000,33.750000,-10.250000,6.000000
3.422000,400776.000000,16.000000,1842.000000,2355.000000,891.000000,1611.000000,1904.000000,0.000000,0.000000,0.000000,0.000000,0.000000,0.000000,0.000000,0.000000,0.000000,-1.490000,7.150000,-7.120000,-2.120000,0.310000,-0.020000,33.750000,-10.250000,6.000000
3.424000,400777.000000,118.000000,1837.000000,2249.000000,965.000000,1637.000000,1909.000000,0.000000,0.000000,0.000000,0.000000,0.000000,0.000000,0.000000,0.000000,0.000000,-1.490000,7.150000,-7.120000,-2.120000,0.310000,-0.020000,33.750000,-10.250000,6.000000
3.426000,400778.000000,15.000000,1870.000000,2177.000000,938.000000,1650.000000,1858.000000,0.000000,0.000000,0.000000,0.000000,0.000000,0.000000,0.000000,0.000000,0.000000,-1.490000,7.150000,-7.120000,-2.120000,0.310000,-0.020000,33.750000,-10.250000,6.000000
3.428000,400779.000000,3.000000,1894.000000,2087.000000,896.000000,1694.000000,1811.000000,0.000000,0.000000,0.000000,0.000000,0.000000,0.000000,0.000000,0.000000,0.000000,-1.490000,7.150000,-7.120000,-2.120000,0.310000,-0.020000,33.750000,-10.250000,6.000000
3.430000,400780.000000,565.000000,1914.000000,1969.000000,835.000000,1706.000000,1703.000000,0.000000,0.000000,0.000000,0.000000,0.000000,0.000000,0.000000,0.000000,0.000000,-1.550000,7.640000,-7.180000,-2.120000,0.310000,-0.020000,33.750000,-10.250000,6.000000
3.432000,400781.000000,22.000000,1937.000000,1845.000000,831.000000,1741.000000,1744.000000,0.000000,0.000000,0.000000,0.000000,0.000000,0.000000,0.000000,0.000000,0.000000,-1.550000,7.640000,-7.180000,-2.120000,0.310000,-0.020000,33.750000,-10.250000,6.000000
3.434000,400782.000000,3.000000,1977.000000,1745.000000,881.000000,1749.000000,1818.000000,0.000000,0.000000,0.000000,0.000000,0.000000,0.000000,0.000000,0.000000,0.000000,-1.550000,7.640000,-7.180000,-2.120000,0.310000,-0.020000,33.750000,-10.250000,6.000000
3.436000,400783.000000,9.000000,2042.000000,1627.000000,907.000000,1782.000000,1831.000000,0.000000,0.000000,0.000000,0.000000,0.000000,0.000000,0.000000,0.000000,0.000000,-1.550000,7.640000,-7.180000,-2.120000,0.310000,-0.020000,33.750000,-10.250000,6.000000
3.438000,400784.000000,16.000000,2075.000000,1535.000000,905.000000,1808.000000,1829.000000,0.000000,0.000000,0.000000,0.000000,0.000000,0.000000,0.000000,0.000000,0.000000,-1.550000,7.640000,-7.180000,-2.120000,0.310000,-0.020000,33.750000,-10.250000,6.000000
3.440000,400785.000000,98.000000,2096.000000,1488.000000,910.000000,1806.000000,1835.000000,0.000000,0.000000,0.000000,0.000000,0.000000,0.000000,0.000000,0.000000,0.000000,-1.570000,7.720000,-6.960000,-2.100000,0.270000,-0.020000,33.750000,-10.250000,6.000000
3.442000,400786.000000,51.000000,2138.000000,1456.000000,913.000000,1810.000000,1864.000000,0.000000,0.000000,0.000000,0.000000,0.000000,0.000000,0.000000,0.000000,0.000000,-1.570000,7.720000,-6.960000,-2.100000,0.270000,-0.020000,33.750000,-10.250000,6.000000
3.444000,400787.000000,19.000000,2147.000000,1459.000000,963.000000,1821.000000,1916.000000,0.000000,0.000000,0.000000,0.000000,0.000000,0.000000,0.000000,0.000000,0.000000,-1.570000,7.720000,-6.960000,-2.100000,0.270000,-0.020000,33.750000,-10.250000,6.000000
3.446000,400788.000000,10.000000,2176.000000,1490.000000,915.000000,1828.000000,1829.000000,0.000000,0.000000,0.000000,0.000000,0.000000,0.000000,0.000000,0.000000,0.000000,-1.570000,7.720000,-6.960000,-2.100000,0.270000,-0.020000,33.750000,-10.250000,6.000000
3.448000,400789.000000,6.000000,2157.000000,1555.000000,894.000000,1814.000000,1758.000000,0.000000,0.000000,0.000000,0.000000,0.000000,0.000000,0.000000,0.000000,0.000000,-1.570000,7.720000,-6.960000,-2.100000,0.270000,-0.020000,33.750000,-10.250000,6.000000
3.450000,400790.000000,691.000000,2172.000000,1599.000000,815.000000,1799.000000,1683.000000,0.000000,0.000000,0.000000,0.000000,0.000000,0.000000,0.000000,0.000000,0.000000,-1.550000,7.480000,-6.460000,-1.990000,0.290000,0.000000,33.750000,-10.250000,6.000000
3.452000,400791.000000,16.000000,2127.000000,1689.000000,820.000000,1772.000000,1762.000000,0.000000,0.000000,0.000000,0.000000,0.000000,0.000000,0.000000,0.000000,0.000000,-1.550000,7.480000,-6.460000,-1.990000,0.290000,0.000000,33.750000,-10.250000,6.000000
3.454000,400792.000000,10.000000,2125.000000,1776.000000,851.000000,1744.000000,1861.000000,0.000000,0.000000,0.000000,0.000000,0.000000,0.000000,0.000000,0.000000,0.000000,-1.550000,7.480000,-6.460000,-1.990000,0.290000,0.000000,33.750000,-10.250000,6.000000
3.456000,400793.000000,16.000000,2062.000000,1841.000000,870.000000,1713.000000,1850.000000,0.000000,0.000000,0.000000,0.000000,0.000000,0.000000,0.000000,0.000000,0.000000,-1.550000,7.480000,-6.460000,-1.990000,0.290000,0.000000,33.750000,-10.250000,6.000000
3.458000,400794.000000,17.000000,2015.000000,1969.000000,867.000000,1730.000000,1840.000000,0.000000,0.000000,0.000000,0.000000,0.000000,0.000000,0.000000,0.000000,0.000000,-1.550000,7.480000,-6.460000,-1.990000,0.290000,0.000000,33.750000,-10.250000,6.000000
3.460000,400795.000000,630.000000,1974.000000,2030.000000,867.000000,1725.000000,1827.000000,0.000000,0.000000,0.000000,0.000000,0.000000,0.000000,0.000000,0.000000,0.000000,-2.090000,6.870000,-6.210000,-1.940000,0.430000,0.050000,33.750000,-10.250000,6.000000
3.462000,400796.000000,25.000000,1900.000000,2102.000000,875.000000,1703.000000,1921.000000,0.000000,0.000000,0.000000,0.000000,0.000000,0.000000,0.000000,0.000000,0.000000,-2.090000,6.870000,-6.210000,-1.940000,0.430000,0.050000,33.750000,-10.250000,6.000000
3.464000,400797.000000,19.000000,1843.000000,2169.000000,944.000000,1705.000000,1921.000000,0.000000,0.000000,0.000000,0.000000,0.000000,0.000000,0.000000,0.000000,0.000000,-2.090000,6.870000,-6.210000,-1.940000,0.430000,0.050000,33.750000,-10.250000,6.000000
3.466000,400798.000000,7.000000,1815.000000,2257.000000,905.000000,1724.000000,1841.000000,0.000000,0.000000,0.000000,0.000000,0.000000,0.000000,0.000000,0.000000,0.000000,-2.090000,6.870000,-6.210000,-1.940000,0.430000,0.050000,33.750000,-10.250000,6.000000
3.468000,400799.000000,3.000000,1751.000000,2308.000000,851.000000,1708.000000,1791.000000,0.000000,0.000000,0.000000,0.000000,0.000000,0.000000,0.000000,0.000000,0.000000,-2.090000,6.870000,-6.210000,-1.940000,0.430000,0.050000,33.750000,-10.250000,6.000000
3.470000,400800.000000,529.000000,1728.000000,2384.000000,799.000000,1695.000000,1697.000000,0.000000,0.000000,0.000000,0.000000,0.000000,0.000000,0.000000,0.000000,0.000000,-2.180000,6.870000,-6.880000,-1.950000,0.490000,0.090000,32.880000,-10.690000,3.060000
3.472000,400801.000000,16.000000,1657.000000,2432.000000,783.000000,1634.000000,1762.000000,0.000000,0.000000,0.000000,0.000000,0.000000,0.000000,0.000000,0.000000,0.000000,-2.180000,6.870000,-6.880000,-1.950000,0.490000,0.090000,32.880000,-10.690000,3.060000
3.474000,400802.000000,29.000000,1623.000000,2474.000000,842.000000,1621.000000,1851.000000,0.000000,0.000000,0.000000,0.000000,0.000000,0.000000,0.000000,0.000000,0.000000,-2.180000,6.870000,-6.880000,-1.950000,0.490000,0.090000,32.880000,-10.690000,3.060000
3.476000,400803.000000,9.000000,1579.000000,2550.000000,838.000000,1591.000000,1852.000000,0.000000,0.000000,0.000000,0.000000,0.000000,0.000000,0.000000,0.000000,0.000000,-2.180000,6.870000,-6.880000,-1.950000,0.490000,0.090000,32.880000,-10.690000,3.060000
3.478000,400804.000000,0.000000,1535.000000,2615.000000,863.000000,1586.000000,1856.000000,0.000000,0.000000,0.000000,0.000000,0.000000,0.000000,0.000000,0.000000,0.000000,-2.180000,6.870000,-6.880000,-1.950000,0.490000,0.090000,32.880000,-10.690000,3.060000
3.480000,400805.000000,474.000000,1535.000000,2638.000000,861.000000,1535.000000,1823.000000,0.000000,0.000000,0.000000,0.000000,0.000000,0.000000,0.000000,0.000000,0.000000,-1.890000,7.080000,-7.700000,-1.950000,0.490000,0.090000,32.880000,-10.690000,3.060000
3.482000,400806.000000,15.000000,1535.000000,2698.000000,867.000000,1510.000000,1915.000000,0.000000,0.000000,0.000000,0.000000,0.000000,0.000000,0.000000,0.000000,0.000000,-1.890000,7.080000,-7.700000,-1.950000,0.490000,0.090000,32.880000,-10.690000,3.060000
3.484000,400807.000000,16.000000,1564.000000,2730.000000,929.000000,1477.000000,1909.000000,0.000000,0.000000,0.000000,0.000000,0.000000,0.000000,0.000000,0.000000,0.000000,-1.890000,7.080000,-7.700000,-1.950000,0.490000,0.090000,32.880000,-10.690000,3.060000
3.486000,400808.000000,7.000000,1556.000000,2743.000000,912.000000,1467.000000,1840.000000,0.000000,0.000000,0.000000,0.000000,0.000000,0.000000,0.000000,0.000000,0.000000,-1.890000,7.080000,-7.700000,-1.950000,0.490000,0.090000,32.880000,-10.690000,3.060000
3.488000,400809.000000,3.000000,1590.000000,2774.000000,867.000000,1469.000000,1781.000000,0.000000,0.000000,0.000000,0.000000,0.000000,0.000000,0.000000,0.000000,0.000000,-1.890000,7.080000,-7.700000,-1.950000,0.490000,0.090000,32.880000,-10.690000,3.060000
3.490000,400810.000000,6.000000,1570.000000,2798.000000,816.000000,1495.000000,1728.000000,0.000000,0.000000,0.000000,0.000000,0.000000,0.000000,0.000000,0.000000,0.000000,-0.970000,7.430000,-7.920000,-2.020000,0.410000,0.090000,32.880000,-10.690000,3.060000
3.492000,400811.000000,31.000000,1616.000000,2816.000000,843.000000,1441.000000,1744.000000,0.000000,0.000000,0.000000,0.000000,0.000000,0.000000,0.000000,0.000000,0.000000,-0.970000,7.430000,-7.920000,-2.020000,0.410000,0.090000,32.880000,-10.690000,3.060000
3.494000,400812.000000,3.000000,1612.000000,2800.000000,861.000000,1406.000000,1871.000000,0.000000,0.000000,0.000000,0.000000,0.000000,0.000000,0.000000,0.000000,0.000000,-0.970000,7.430000,-7.920000,-2.020000,0.410000,0.090000,32.880000,-10.690000,3.060000
3.496000,400813.000000,4.000000,1651.000000,2775.000000,897.000000,1419.000000,1847.000000,0.000000,0.000000,0.000000,0.000000,0.000000,0.000000,0.000000,0.000000,0.000000,-0.970000,7.430000,-7.920000,-2.020000,0.410000,0.090000,32.880000,-10.690000,3.060000
3.498000,400814.000000,9.000000,1660.000000,2773.000000,891.000000,1401.000000,1863.000000,0.000000,0.000000,0.000000,0.000000,0.000000,0.000000,0.000000,0.000000,0.000000,-0.970000,7.430000,-7.920000,-2.020000,0.410000,0.090000,32.880000,-10.690000,3.060000
3.500000,400815.000000,542.000000,1712.000000,2768.000000,907.000000,1407.000000,1823.000000,0.000000,0.000000,0.000000,0.000000,0.000000,0.000000,0.000000,0.000000,0.000000,-0.670000,7.610000,-7.240000,-2.120000,0.390000,0.070000,32.880000,-10.690000,3.060000
3.502000,400816.000000,19.000000,1744.000000,2749.000000,933.000000,1428.000000,1927.000000,0.000000,0.000000,0.000000,0.000000,0.000000,0.000000,0.000000,0.000000,0.000000,-0.670000,7.610000,-7.240000,-2.120000,0.390000,0.070000,32.880000,-10.690000,3.060000
3.504000,400817.000000,17.000000,1772.000000,2739.000000,989.000000,1442.000000,1933.000000,0.000000,0.000000,0.000000,0.000000,0.000000,0.000000,0.000000,0.000000,0.000000,-0.670000,7.610000,-7.240000,-2.120000,0.390000,0.070000,32.880000,-10.690000,3.060000
3.506000,400818.000000,8.000000,1818.000000,2736.000000,958.000000,1450.000000,1842.000000,0.000000,0.000000,0.000000,0.000000,0.000000,0.000000,0.000000,0.000000,0.000000,-0.670000,7.610000,-7.240000,-2.120000,0.390000,0.070000,32.880000,-10.690000,3.060000
3.508000,400819.000000,0.000000,1846.000000,2709.000000,895.000000,1488.000000,1778.000000,0.000000,0.000000,0.000000,0.000000,0.000000,0.000000,0.000000,0.000000,0.000000,-0.670000,7.610000,-7.240000,-2.120000,0.390000,0.070000,32.880000,-10.690000,3.060000
3.510000,400820.000000,592.000000,1883.000000,2731.000000,847.000000,1482.000000,1738.000000,0.000000,0.000000,0.000000,0.000000,0.000000,0.000000,0.000000,0.000000,0.000000,-0.780000,7.750000,-6.500000,-2.070000,0.430000,0.030000,32.880000,-10.690000,3.060000
3.512000,400821.000000,16.000000,1911.000000,2732.000000,869.000000,1482.000000,1785.000000,0.000000,0.000000,0.000000,0.000000,0.000000,0.000000,0.000000,0.000000,0.000000,-0.780000,7.750000,-6.500000,-2.070000,0.430000,0.030000,32.880000,-10.690000,3.060000
3.514000,400822.000000,9.000000,1923.000000,2678.000000,918.000000,1505.000000,1875.000000,0.000000,0.000000,0.000000,0.000000,0.000000,0.000000,0.000000,0.000000,0.000000,-0.780000,7.750000,-6.500000,-2.070000,0.430000,0.030000,32.880000,-10.690000,3.060000
3.516000,400823.000000,14.000000,1983.000000,2703.000000,931.000000,1555.000000,1879.000000,0.000000,0.000000,0.000000,0.000000,0.000000,0.000000,0.000000,0.000000,0.000000,-0.780000,7.750000,-6.500000,-2.070000,0.430000,0.030000,32.880000,-10.690000,3.060000
3.518000,400824.000000,12.000000,2011.000000,2677.000000,942.000000,1574.000000,1872.000000,0.000000,0.000000,0.000000,0.000000,0.000000,0.000000,0.000000,0.000000,0.000000,-0.780000,7.750000,-6.500000,-2.070000,0.430000,0.030000,32.880000,-10.690000,3.060000
3.520000,400825.000000,47.000000,2073.000000,2613.000000,944.000000,1602.000000,1840.000000,0.000000,0.000000,0.000000,0.000000,0.000000,0.000000,0.000000,0.000000,0.000000,-0.970000,7.980000,-6.010000,-2.030000,0.390000,-0.010000,34.250000,-11.380000,4.750000
3.522000,400826.000000,1.000000,2103.000000,2586.000000,966.000000,1616.000000,1997.000000,0.000000,0.000000,0.000000,0.000000,0.000000,0.000000,0.000000,0.000000,0.000000,-0.970000,7.980000,-6.010000,-2.030000,0.390000,-0.010000,34.250000,-11.380000,4.750000
3.524000,400827.000000,132.000000,2157.000000,2527.000000,1012.000000,1654.000000,1973.000000,0.000000,0.000000,0.000000,0.000000,0.000000,0.000000,0.000000,0.000000,0.000000,-0.970000,7.980000,-6.010000,-2.030000,0.390000,-0.010000,34.250000,-11.380000,4.750000
3.526000,400828.000000,16.000000,2221.000000,2467.000000,976.000000,1648.000000,1841.000000,0.000000,0.000000,0.000000,0.000000,0.000000,0.000000,0.000000,0.000000,0.000000,-0.970000,7.980000,-6.010000,-2.030000,0.390000,-0.010000,34.250000,-11.380000,4.750000
3.528000,400829.000000,11.000000,2247.000000,2391.000000,955.000000,1668.000000,1791.000000,0.000000,0.000000,0.000000,0.000000,0.000000,0.000000,0.000000,0.000000,0.000000,-0.970000,7.980000,-6.010000,-2.030000,0.390000,-0.010000,34.250000,-11.380000,4.750000
3.530000,400830.000000,731.000000,2266.000000,2327.000000,891.000000,1635.000000,1754.000000,0.000000,0.000000,0.000000,0.000000,0.000000,0.000000,0.000000,0.000000,0.000000,-1.270000,8.210000,-5.290000,-2.030000,0.390000,-0.010000,34.250000,-11.380000,4.750000
3.532000,400831.000000,23.000000,2326.000000,2215.000000,911.000000,1651.000000,1775.000000,0.000000,0.000000,0.000000,0.000000,0.000000,0.000000,0.000000,0.000000,0.000000,-1.270000,8.210000,-5.290000,-2.030000,0.390000,-0.010000,34.250000,-11.380000,4.750000
3.534000,400832.000000,22.000000,2367.000000,2150.000000,930.000000,1616.000000,1861.000000,0.000000,0.000000,0.000000,0.000000,0.000000,0.000000,0.000000,0.000000,0.000000,-1.270000,8.210000,-5.290000,-2.030000,0.390000,-0.010000,34.250000,-11.380000,4.750000
3.536000,400833.000000,19.000000,2415.000000,2114.000000,941.000000,1616.000000,1867.000000,0.000000,0.000000,0.000000,0.000000,0.000000,0.000000,0.000000,0.000000,0.000000,-1.270000,8.210000,-5.290000,-2.030000,0.390000,-0.010000,34.250000,-11.380000,4.750000
3.538000,400834.000000,35.000000,2427.000000,2032.000000,942.000000,1628.000000,1888.000000,0.000000,0.000000,0.000000,0.000000,0.000000,0.000000,0.000000,0.000000,0.000000,-1.270000,8.210000,-5.290000,-2.030000,0.390000,-0.010000,34.250000,-11.380000,4.750000
3.540000,400835.000000,179.000000,2456.000000,1975.000000,947.000000,1607.000000,1840.000000,0.000000,0.000000,0.000000,0.000000,0.000000,0.000000,0.000000,0.000000,0.000000,-1.310000,8.200000,-4.960000,-1.990000,0.280000,-0.080000,34.250000,-11.380000,4.750000
3.542000,400836.000000,61.000000,2461.000000,1926.000000,970.000000,1619.000000,1967.000000,0.000000,0.000000,0.000000,0.000000,0.000000,0.000000,0.000000,0.000000,0.000000,-1.310000,8.200000,-4.960000,-1.990000,0.280000,-0.080000,34.250000,-11.380000,4.750000
3.544000,400837.000000,35.000000,2480.000000,1898.000000,998.000000,1630.000000,1916.000000,0.000000,0.000000,0.000000,0.000000,0.000000,0.000000,0.000000,0.000000,0.000000,-1.310000,8.200000,-4.960000,-1.990000,0.280000,-0.080000,34.250000,-11.380000,4.750000
3.546000,400838.000000,29.000000,2513.000000,1903.000000,949.000000,1647.000000,1835.000000,0.000000,0.000000,0.000000,0.000000,0.000000,0.000000,0.000000,0.000000,0.000000,-1.310000,8.200000,-4.960000,-1.990000,0.280000,-0.080000,34.250000,-11.380000,4.750000
3.548000,400839.000000,19.000000,2508.000000,1874.000000,912.000000,1627.000000,1746.000000,0.000000,0.000000,0.000000,0.000000,0.000000,0.000000,0.000000,0.000000,0.000000,-1.310000,8.200000,-4.960000,-1.990000,0.280000,-0.080000,34.250000,-11.380000,4.750000
3.550000,400840.000000,785.000000,2479.000000,1925.000000,859.000000,1616.000000,1730.000000,0.000000,0.000000,0.000000,0.000000,0.000000,0.000000,0.000000,0.000000,0.000000,-1.410000,8.000000,-4.770000,-1.970000,0.140000,-0.140000,34.250000,-11.380000,4.750000
3.552000,400841.000000,23.000000,2466.000000,1932.000000,851.000000,1589.000000,1753.000000,0.000000,0.000000,0.000000,0.000000,0.000000,0.000000,0.000000,0.000000,0.000000,-1.410000,8.000000,-4.770000,-1.970000,0.140000,-0.140000,34.250000,-11.380000,4.750000
3.554000,400842.000000,42.000000,2452.000000,2000.000000,893.000000,1597.000000,1850.000000,0.000000,0.000000,0.000000,0.000000,0.000000,0.000000,0.000000,0.000000,0.000000,-1.410000,8.000000,-4.770000,-1.970000,0.140000,-0.140000,34.250000,-11.380000,4.750000
3.556000,400843.000000,13.000000,2412.000000,2036.000000,919.000000,1582.000000,1872.000000,0.000000,0.000000,0.000000,0.000000,0.000000,0.000000,0.000000,0.000000,0.000000,-1.410000,8.000000,-4.770000,-1.970000,0.140000,-0.140000,34.250000,-11.380000,4.750000
3.558000,400844.000000,16.000000,2367.000000,2138.000000,912.000000,1535.000000,1890.000000,0.000000,0.000000,0.000000,0.000000,0.000000,0.000000,0.000000,0.000000,0.000000,-1.410000,8.000000,-4.770000,-1.970000,0.140000,-0.140000,34.250000,-11.380000,4.750000
3.560000,400845.000000,731.000000,2319.000000,2187.000000,906.000000,1535.000000,1859.000000,0.000000,0.000000,0.000000,0.000000,0.000000,0.000000,0.000000,0.000000,0.000000,-1.650000,7.660000,-4.970000,-1.980000,0.200000,-0.120000,34.250000,-11.380000,4.750000
3.562000,400846.000000,37.000000,2269.000000,2239.000000,905.000000,1527.000000,1990.000000,0.000000,0.000000,0.000000,0.000000,0.000000,0.000000,0.000000,0.000000,0.000000,-1.650000,7.660000,-4.970000,-1.980000,0.200000,-0.120000,34.250000,-11.380000,4.750000
3.564000,400847.000000,16.000000,2225.000000,2359.000000,955.000000,1514.000000,1865.000000,0.000000,0.000000,0.000000,0.000000,0.000000,0.000000,0.000000,0.000000,0.000000,-1.650000,7.660000,-4.970000,-1.980000,0.200000,-0.120000,34.250000,-11.380000,4.750000
3.566000,400848.000000,12.000000,2167.000000,2386.000000,911.000000,1525.000000,1797.000000,0.000000,0.000000,0.000000,0.000000,0.000000,0.000000,0.000000,0.000000,0.000000,-1.650000,7.660000,-4.970000,-1.980000,0.200000,-0.120000,34.250000,-11.380000,4.750000
3.568000,400849.000000,12.000000,2096.000000,2434.000000,880.000000,1516.000000,1744.000000,0.000000,0.000000,0.000000,0.000000,0.000000,0.000000,0.000000,0.000000,0.000000,-1.650000,7.660000,-4.970000,-1.980000,0.200000,-0.120000,34.250000,-11.380000,4.750000
3.570000,400850.000000,95.000000,2014.000000,2474.000000,847.000000,1507.000000,1731.000000,0.000000,0.000000,0.000000,0.000000,0.000000,0.000000,0.000000,0.000000,0.000000,-2.180000,8.050000,-6.060000,-2.050000,0.280000,-0.080000,35.380000,-12.500000,2.690000
3.572000,400851.000000,0.000000,1963.000000,2499.000000,804.000000,1483.000000,1774.000000,0.000000,0.000000,0.000000,0.000000,0.000000,0.000000,0.000000,0.000000,0.000000,-2.180000,8.050000,-6.060000,-2.050000,0.280000,-0.080000,35.380000,-12.500000,2.690000
3.574000,400852.000000,94.000000,1878.000000,2524.000000,869.000000,1470.000000,1866.000000,0.000000,0.000000,0.000000,0.000000,0.000000,0.000000,0.000000,0.000000,0.000000,-2.180000,8.050000,-6.060000,-2.050000,0.280000,-0.080000,35.380000,-12.500000,2.690000
3.576000,400853.000000,10.000000,1792.000000,2558.000000,879.000000,1447.000000,1857.000000,0.000000,0.000000,0.000000,0.000000,0.000000,0.000000,0.000000,0.000000,0.000000,-2.180000,8.050000,-6.060000,-2.050000,0.280000,-0.080000,35.380000,-12.500000,2.690000
3.578000,400854.000000,10.000000,1730.000000,2559.000000,880.000000,1479.000000,1840.000000,0.000000,0.000000,0.000000,0.000000,0.000000,0.000000,0.000000,0.000000,0.000000,-2.180000,8.050000,-6.060000,-2.050000,0.280000,-0.080000,35.380000,-12.500000,2.690000
3.580000,400855.000000,540.000000,1699.000000,2543.000000,867.000000,1487.000000,1821.000000,0.000000,0.000000,0.000000,0.000000,0.000000,0.000000,0.000000,0.000000,0.000000,-2.180000,8.510000,-6.800000,-2.050000,0.280000,-0.080000,35.380000,-12.500000,2.690000
3.582000,400856.000000,23.000000,1633.000000,2559.000000,895.000000,1477.000000,1938.000000,0.000000,0.000000,0.000000,0.000000,0.000000,0.000000,0.000000,0.000000,0.000000,-2.180000,8.510000,-6.800000,-2.050000,0.280000,-0.080000,35.380000,-12.500000,2.690000
3.584000,400857.000000,9.000000,1589.000000,2580.000000,954.000000,1504.000000,1904.000000,0.000000,0.000000,0.000000,0.000000,0.000000,0.000000,0.000000,0.000000,0.000000,-2.180000,8.510000,-6.800000,-2.050000,0.280000,-0.080000,35.380000,-12.500000,2.690000
3.586000,400858.000000,0.000000,1578.000000,2557.000000,897.000000,1489.000000,1797.000000,0.000000,0.000000,0.000000,0.000000,0.000000,0.000000,0.000000,0.000000,0.000000,-2.180000,8.510000,-6.800000,-2.050000,0.280000,-0.080000,35.380000,-12.500000,2.690000
3.588000,400859.000000,0.000000,1595.000000,2539.000000,865.000000,1504.000000,1718.000000,0.000000,0.000000,0.000000,0.000000,0.000000,0.000000,0.000000,0.000000,0.000000,-2.180000,8.510000,-6.800000,-2.050000,0.280000,-0.080000,35.380000,-12.500000,2.690000
3.590000,400860.000000,109.000000,1590.000000,2537.000000,796.000000,1482.000000,1726.000000,0.000000,0.000000,0.000000,0.000000,0.000000,0.000000,0.000000,0.000000,0.000000,-2.070000,9.000000,-7.080000,-2.130000,0.290000,-0.030000,35.380000,-12.500000,2.690000
3.592000,400861.000000,16.000000,1612.000000,2491.000000,803.000000,1476.000000,1742.000000,0.000000,0.000000,0.000000,0.000000,0.000000,0.000000,0.000000,0.000000,0.000000,-2.070000,9.000000,-7.080000,-2.130000,0.290000,-0.030000,35.380000,-12.500000,2.690000
3.594000,400862.000000,5.000000,1616.000000,2453.000000,867.000000,1513.000000,1844.000000,0.000000,0.000000,0.000000,0.000000,0.000000,0.000000,0.000000,0.000000,0.000000,-2.070000,9.000000,-7.080000,-2.130000,0.290000,-0.030000,35.380000,-12.500000,2.690000
3.596000,400863.000000,3.000000,1660.000000,2406.000000,869.000000,1520.000000,1843.000000,0.000000,0.000000,0.000000,0.000000,0.000000,0.000000,0.000000,0.000000,0.000000,-2.070000,9.000000,-7.080000,-2.130000,0.290000,-0.030000,35.380000,-12.500000,2.690000
3.598000,400864.000000,0.000000,1715.000000,2367.000000,871.000000,1535.000000,1838.000000,0.000000,0.000000,0.000000,0.000000,0.000000,0.000000,0.000000,0.000000,0.000000,-2.070000,9.000000,-7.080000,-2.130000,0.290000,-0.030000,35.380000,-12.500000,2.690000
3.600000,400865.000000,558.000000,1743.000000,2307.000000,870.000000,1535.000000,1799.000000,0.000000,0.000000,0.000000,0.000000,0.000000,0.000000,0.000000,0.000000,0.000000,-1.880000,9.320000,-6.830000,-2.150000,0.280000,-0.030000,35.380000,-12.500000,2.690000
3.602000,400866.000000,19.000000,1794.000000,2240.000000,926.000000,1571.000000,1958.000000,0.000000,0.000000,0.000000,0.000000,0.000000,0.000000,0.000000,0.000000,0.000000,-1.880000,9.320000,-6.830000,-2.150000,0.280000,-0.030000,35.380000,-12.500000,2.690000
3.604000,400867.000000,17.000000,1865.000000,2187.000000,963.000000,1578.000000,1888.000000,0.000000,0.000000,0.000000,0.000000,0.000000,0.000000,0.000000,0.000000,0.000000,-1.880000,9.320000,-6.830000,-2.150000,0.280000,-0.030000,35.380000,-12.500000,2.690000
3.606000,400868.000000,14.000000,1929.000000,2123.000000,901.000000,1591.000000,1783.000000,0.000000,0.000000,0.000000,0.000000,0.000000,0.000000,0.000000,0.000000,0.000000,-1.880000,9.320000,-6.830000,-2.150000,0.280000,-0.030000,35.380000,-12.500000,2.690000
3.608000,400869.000000,0.000000,1994.000000,2007.000000,855.000000,1623.000000,1735.000000,0.000000,0.000000,0.000000,0.000000,0.000000,0.000000,0.000000,0.000000,0.000000,-1.880000,9.320000,-6.830000,-2.150000,0.280000,-0.030000,35.380000,-12.500000,2.690000
3.610000,400870.000000,15.000000,2074.000000,1971.000000,819.000000,1619.000000,1731.000000,0.000000,0.000000,0.000000,0.000000,0.000000,0.000000,0.000000,0.000000,0.000000,-1.740000,9.680000,-5.410000,-2.040000,0.340000,-0.070000,35.380000,-12.500000,2.690000
3.612000,400871.000000,0.000000,2133.000000,1871.000000,843.000000,1656.000000,1793.000000,0.000000,0.000000,0.000000,0.000000,0.000000,0.000000,0.000000,0.000000,0.000000,-1.740000,9.680000,-5.410000,-2.040000,0.340000,-0.070000,35.380000,-12.500000,2.690000
3.614000,400872.000000,52.000000,2231.000000,1813.000000,893.000000,1680.000000,1863.000000,0.000000,0.000000,0.000000,0.000000,0.000000,0.000000,0.000000,0.000000,0.000000,-1.740000,9.680000,-5.410000,-2.040000,0.340000,-0.070000,35.380000,-12.500000,2.690000
3.616000,400873.000000,27.000000,2298.000000,1721.000000,908.000000,1705.000000,1863.000000,0.000000,0.000000,0.000000,0.000000,0.000000,0.000000,0.000000,0.000000,0.000000,-1.740000,9.680000,-5.410000,-2.040000,0.340000,-0.070000,35.380000,-12.500000,2.690000
3.618000,400874.000000,18.000000,2406.000000,1648.000000,922.000000,1708.000000,1855.000000,0.000000,0.000000,0.000000,0.000000,0.000000,0.000000,0.000000,0.000000,0.000000,-1.740000,9.680000,-5.410000,-2.040000,0.340000,-0.070000,35.380000,-12.500000,2.690000
3.620000,400875.000000,809.000000,2493.000000,1534.000000,913.000000,1734.000000,1830.000000,0.000000,0.000000,0.000000,0.000000,0.000000,0.000000,0.000000,0.000000,0.000000,-1.770000,9.760000,-4.360000,-1.900000,0.350000,-0.110000,35.380000,-12.500000,3.060000
3.622000,400876.000000,53.000000,2559.000000,1471.000000,963.000000,1786.000000,1969.000000,0.000000,0.000000,0.000000,0.000000,0.000000,0.000000,0.000000,0.000000,0.000000,-1.770000,9.760000,-4.360000,-1.900000,0.350000,-0.110000,35.380000,-12.500000,3.060000
3.624000,400877.000000,101.000000,2691.000000,1405.000000,979.000000,1779.000000,1907.000000,0.000000,0.000000,0.000000,0.000000,0.000000,0.000000,0.000000,0.000000,0.000000,-1.770000,9.760000,-4.360000,-1.900000,0.350000,-0.110000,35.380000,-12.500000,3.060000
3.626000,400878.000000,35.000000,2765.000000,1298.000000,958.000000,1815.000000,1823.000000,0.000000,0.000000,0.000000,0.000000,0.000000,0.000000,0.000000,0.000000,0.000000,-1.770000,9.760000,-4.360000,-1.900000,0.350000,-0.110000,35.380000,-12.500000,3.060000
3.628000,400879.000000,31.000000,2861.000000,1243.000000,893.000000,1854.000000,1745.000000,0.000000,0.000000,0.000000,0.000000,0.000000,0.000000,0.000000,0.000000,0.000000,-1.770000,9.760000,-4.360000,-1.900000,0.350000,-0.110000,35.380000,-12.500000,3.060000
3.630000,400880.000000,912.000000,2906.000000,1194.000000,860.000000,1861.000000,1719.000000,0.000000,0.000000,0.000000,0.000000,0.000000,0.000000,0.000000,0.000000,0.000000,-1.790000,9.740000,-3.710000,-1.900000,0.350000,-0.110000,35.380000,-12.500000,3.060000
3.632000,400881.000000,45.000000,2969.000000,1162.000000,857.000000,1898.000000,1796.000000,0.000000,0.000000,0.000000,0.000000,0.000000,0.000000,0.000000,0.000000,0.000000,-1.790000,9.740000,-3.710000,-1.900000,0.350000,-0.110000,35.380000,-12.500000,3.060000
3.634000,400882.000000,48.000000,3003.000000,1133.000000,922.000000,1881.000000,1879.000000,0.000000,0.000000,0.000000,0.000000,0.000000,0.000000,0.000000,0.000000,0.000000,-1.790000,9.740000,-3.710000,-1.900000,0.350000,-0.110000,35.380000,-12.500000,3.060000
3.636000,400883.000000,45.000000,3039.000000,1139.000000,935.000000,1927.000000,1871.000000,0.000000,0.000000,0.000000,0.000000,0.000000,0.000000,0.000000,0.000000,0.000000,-1.790000,9.740000,-3.710000,-1.900000,0.350000,-0.110000,35.380000,-12.500000,3.060000
3.638000,400884.000000,37.000000,3119.000000,1157.000000,931.000000,1925.000000,1883.000000,0.000000,0.000000,0.000000,0.000000,0.000000,0.000000,0.000000,0.000000,0.000000,-1.790000,9.740000,-3.710000,-1.900000,0.350000,-0.110000,35.380000,-12.500000,3.060000
3.640000,400885.000000,442.000000,3125.000000,1225.000000,947.000000,1974.000000,1904.000000,0.000000,0.000000,0.000000,0.000000,0.000000,0.000000,0.000000,0.000000,0.000000,-1.830000,9.390000,-3.160000,-1.800000,0.300000,-0.140000,35.380000,-12.500000,3.060000
3.642000,400886.000000,106.000000,3152.000000,1273.000000,1009.000000,1984.000000,2000.000000,0.000000,0.000000,0.000000,0.000000,0.000000,0.000000,0.000000,0.000000,0.000000,-1.830000,9.390000,-3.160000,-1.800000,0.300000,-0.140000,35.380000,-12.500000,3.060000
3.644000,400887.000000,63.000000,3141.000000,1362.000000,1058.000000,2001.000000,1937.000000,0.000000,0.000000,0.000000,0.000000,0.000000,0.000000,0.000000,0.000000,0.000000,-1.830000,9.390000,-3.160000,-1.800000,0.300000,-0.140000,35.380000,-12.500000,3.060000
3.646000,400888.000000,42.000000,3136.000000,1470.000000,996.000000,2031.000000,1868.000000,0.000000,0.000000,0.000000,0.000000,0.000000,0.000000,0.000000,0.000000,0.000000,-1.830000,9.390000,-3.160000,-1.800000,0.300000,-0.140000,35.380000,-12.500000,3.060000
3.648000,400889.000000,31.000000,3093.000000,1631.000000,933.000000,2016.000000,1776.000000,0.000000,0.000000,0.000000,0.000000,0.000000,0.000000,0.000000,0.000000,0.000000,-1.830000,9.390000,-3.160000,-1.800000,0.300000,-0.140000,35.380000,-12.500000,3.060000
3.650000,400890.000000,980.000000,3066.000000,1759.000000,894.000000,2042.000000,1801.000000,0.000000,0.000000,0.000000,0.000000,0.000000,0.000000,0.000000,0.000000,0.000000,-1.820000,8.250000,-2.760000,-1.770000,0.260000,-0.160000,35.380000,-12.500000,3.060000
3.652000,400891.000000,61.000000,3025.000000,1881.000000,877.000000,2016.000000,1882.000000,0.000000,0.000000,0.000000,0.000000,0.000000,0.000000,0.000000,0.000000,0.000000,-1.820000,8.250000,-2.760000,-1.770000,0.260000,-0.160000,35.380000,-12.500000,3.060000
3.654000,400892.000000,90.000000,2992.000000,1995.000000,950.000000,2010.000000,1943.000000,0.000000,0.000000,0.000000,0.000000,0.000000,0.000000,0.000000,0.000000,0.000000,-1.820000,8.250000,-2.760000,-1.770000,0.260000,-0.160000,35.380000,-12.500000,3.060000
3.656000,400893.000000,48.000000,2944.000000,2160.000000,979.000000,1966.000000,1936.000000,0.000000,0.000000,0.000000,0.000000,0.000000,0.000000,0.000000,0.000000,0.000000,-1.820000,8.250000,-2.760000,-1.770000,0.260000,-0.160000,35.380000,-12.500000,3.060000
3.658000,400894.000000,49.000000,2877.000000,2287.000000,987.000000,1938.000000,1929.000000,0.000000,0.000000,0.000000,0.000000,0.000000,0.000000,0.000000,0.000000,0.000000,-1.820000,8.250000,-2.760000,-1.770000,0.260000,-0.160000,35.380000,-12.500000,3.060000
3.660000,400895.000000,36.000000,2802.000000,2415.000000,1001.000000,1867.000000,1905.000000,0.000000,0.000000,0.000000,0.000000,0.000000,0.000000,0.000000,0.000000,0.000000,-1.800000,7.860000,-3.270000,-1.850000,0.300000,-0.160000,35.380000,-12.500000,3.060000
3.662000,400896.000000,43.000000,2751.000000,2546.000000,1023.000000,1853.000000,2085.000000,0.000000,0.000000,0.000000,0.000000,0.000000,0.000000,0.000000,0.000000,0.000000,-1.800000,7.860000,-3.270000,-1.850000,0.300000,-0.160000,35.380000,-12.500000,3.060000
3.664000,400897.000000,65.000000,2686.000000,2657.000000,1045.000000,1805.000000,1981.000000,0.000000,0.000000,0.000000,0.000000,0.000000,0.000000,0.000000,0.000000,0.000000,-1.800000,7.860000,-3.270000,-1.850000,0.300000,-0.160000,35.380000,-12.500000,3.060000
3.666000,400898.000000,32.000000,2609.000000,2778.000000,973.000000,1743.000000,1894.000000,0.000000,0.000000,0.000000,0.000000,0.000000,0.000000,0.000000,0.000000,0.000000,-1.800000,7.860000,-3.270000,-1.850000,0.300000,-0.160000,35.380000,-12.500000,3.060000
3.668000,400899.000000,34.000000,2542.000000,2885.000000,944.000000,1728.000000,1819.000000,0.000000,0.000000,0.000000,0.000000,0.000000,0.000000,0.000000,0.000000,0.000000,-1.800000,7.860000,-3.270000,-1.850000,0.300000,-0.160000,35.380000,-12.500000,3.060000
3.670000,400900.000000,803.000000,2464.000000,2978.000000,907.000000,1674.000000,1811.000000,0.000000,0.000000,0.000000,0.000000,0.000000,0.000000,0.000000,0.000000,0.000000,-1.650000,7.950000,-3.870000,-1.990000,0.300000,-0.170000,35.380000,-12.380000,1.000000
3.672000,400901.000000,35.000000,2410.000000,3015.000000,898.000000,1642.000000,1893.000000,0.000000,0.000000,0.000000,0.000000,0.000000,0.000000,0.000000,0.000000,0.000000,-1.650000,7.950000,-3.870000,-1.990000,0.300000,-0.170000,35.380000,-12.380000,1.000000
3.674000,400902.000000,160.000000,2359.000000,3088.000000,941.000000,1611.000000,1934.000000,0.000000,0.000000,0.000000,0.000000,0.000000,0.000000,0.000000,0.000000,0.000000,-1.650000,7.950000,-3.870000,-1.990000,0.300000,-0.170000,35.380000,-12.380000,1.000000
3.676000,400903.000000,29.000000,2304.000000,3101.000000,946.000000,1602.000000,1943.000000,0.000000,0.000000,0.000000,0.000000,0.000000,0.000000,0.000000,0.000000,0.000000,-1.650000,7.950000,-3.870000,-1.990000,0.300000,-0.170000,35.380000,-12.380000,1.000000
3.678000,400904.000000,17.000000,2268.000000,3144.000000,951.000000,1583.000000,1932.000000,0.000000,0.000000,0.000000,0.000000,0.000000,0.000000,0.000000,0.000000,0.000000,-1.650000,7.950000,-3.870000,-1.990000,0.300000,-0.170000,35.380000,-12.380000,1.000000
3.680000,400905.000000,739.000000,2227.000000,3168.000000,951.000000,1607.000000,1883.000000,0.000000,0.000000,0.000000,0.000000,0.000000,0.000000,0.000000,0.000000,0.000000,-1.210000,8.440000,-4.480000,-1.990000,0.300000,-0.170000,35.380000,-12.380000,1.000000
3.682000,400906.000000,43.000000,2207.000000,3172.000000,1005.000000,1646.000000,2061.000000,0.000000,0.000000,0.000000,0.000000,0.000000,0.000000,0.000000,0.000000,0.000000,-1.210000,8.440000,-4.480000,-1.990000,0.300000,-0.170000,35.380000,-12.380000,1.000000
3.684000,400907.000000,30.000000,2183.000000,3118.000000,1003.000000,1671.000000,1939.000000,0.000000,0.000000,0.000000,0.000000,0.000000,0.000000,0.000000,0.000000,0.000000,-1.210000,8.440000,-4.480000,-1.990000,0.300000,-0.170000,35.380000,-12.380000,1.000000
3.686000,400908.000000,20.000000,2157.000000,3049.000000,962.000000,1715.000000,1863.000000,0.000000,0.000000,0.000000,0.000000,0.000000,0.000000,0.000000,0.000000,0.000000,-1.210000,8.440000,-4.480000,-1.990000,0.300000,-0.170000,35.380000,-12.380000,1.000000
3.688000,400909.000000,2.000000,2112.000000,2975.000000,880.000000,1741.000000,1782.000000,0.000000,0.000000,0.000000,0.000000,0.000000,0.000000,0.000000,0.000000,0.000000,-1.210000,8.440000,-4.480000,-1.990000,0.300000,-0.170000,35.380000,-12.380000,1.000000
3.690000,400910.000000,107.000000,2064.000000,2924.000000,843.000000,1770.000000,1821.000000,0.000000,0.000000,0.000000,0.000000,0.000000,0.000000,0.000000,0.000000,0.000000,-0.990000,8.900000,-4.460000,-2.150000,0.270000,-0.190000,35.380000,-12.380000,1.000000
3.692000,400911.000000,39.000000,2027.000000,2832.000000,829.000000,1801.000000,1872.000000,0.000000,0.000000,0.000000,0.000000,0.000000,0.000000,0.000000,0.000000,0.000000,-0.990000,8.900000,-4.460000,-2.150000,0.270000,-0.190000,35.380000,-12.380000,1.000000
3.694000,400912.000000,16.000000,2000.000000,2746.000000,901.000000,1856.000000,1920.000000,0.000000,0.000000,0.000000,0.000000,0.000000,0.000000,0.000000,0.000000,0.000000,-0.990000,8.900000,-4.460000,-2.150000,0.270000,-0.190000,35.380000,-12.380000,1.000000
3.696000,400913.000000,14.000000,1998.000000,2667.000000,907.000000,1921.000000,1918.000000,0.000000,0.000000,0.000000,0.000000,0.000000,0.000000,0.000000,0.000000,0.000000,-0.990000,8.900000,-4.460000,-2.150000,0.270000,-0.190000,35.380000,-12.380000,1.000000
3.698000,400914.000000,12.000000,1985.000000,2578.000000,900.000000,1931.000000,1898.000000,0.000000,0.000000,0.000000,0.000000,0.000000,0.000000,0.000000,0.000000,0.000000,-0.990000,8.900000,-4.460000,-2.150000,0.270000,-0.190000,35.380000,-12.380000,1.000000
3.700000,400915.000000,31.000000,1981.000000,2512.000000,877.000000,1958.000000,1875.000000,0.000000,0.000000,0.000000,0.000000,0.000000,0.000000,0.000000,0.000000,0.000000,-0.790000,9.500000,-3.920000,-2.280000,0.410000,-0.260000,35.380000,-12.380000,1.000000
3.702000,400916.000000,16.000000,1971.000000,2411.000000,923.000000,1975.000000,2000.000000,0.000000,0.000000,0.000000,0.000000,0.000000,0.000000,0.000000,0.000000,0.000000,-0.790000,9.500000,-3.920000,-2.280000,0.410000,-0.260000,35.380000,-12.380000,1.000000
3.704000,400917.000000,38.000000,1938.000000,2353.000000,961.000000,1989.000000,1935.000000,0.000000,0.000000,0.000000,0.000000,0.000000,0.000000,0.000000,0.000000,0.000000,-0.790000,9.500000,-3.920000,-2.280000,0.410000,-0.260000,35.380000,-12.380000,1.000000
3.706000,400918.000000,7.000000,1942.000000,2275.000000,881.000000,2015.000000,1841.000000,0.000000,0.000000,0.000000,0.000000,0.000000,0.000000,0.000000,0.000000,0.000000,-0.790000,9.500000,-3.920000,-2.280000,0.410000,-0.260000,35.380000,-12.380000,1.000000
3.708000,400919.000000,1.000000,1940.000000,2201.000000,834.000000,2074.000000,1735.000000,0.000000,0.000000,0.000000,0.000000,0.000000,0.000000,0.000000,0.000000,0.000000,-0.790000,9.500000,-3.920000,-2.280000,0.410000,-0.260000,35.380000,-12.380000,1.000000
3.710000,400920.000000,601.000000,1914.000000,2127.000000,795.000000,2064.000000,1765.000000,0.000000,0.000000,0.000000,0.000000,0.000000,0.000000,0.000000,0.000000,0.000000,-0.740000,9.960000,-3.400000,-2.260000,0.550000,-0.270000,35.380000,-12.380000,1.000000
3.712000,400921.000000,15.000000,1936.000000,2041.000000,785.000000,2039.000000,1844.000000,0.000000,0.000000,0.000000,0.000000,0.000000,0.000000,0.000000,0.000000,0.000000,-0.740000,9.960000,-3.400000,-2.260000,0.550000,-0.270000,35.380000,-12.380000,1.000000
3.714000,400922.000000,27.000000,1898.000000,1983.000000,847.000000,2008.000000,1889.000000,0.000000,0.000000,0.000000,0.000000,0.000000,0.000000,0.000000,0.000000,0.000000,-0.740000,9.960000,-3.400000,-2.260000,0.550000,-0.270000,35.380000,-12.380000,1.000000
3.716000,400923.000000,12.000000,1919.000000,1935.000000,880.000000,2027.000000,1855.000000,0.000000,0.000000,0.000000,0.000000,0.000000,0.000000,0.000000,0.000000,0.000000,-0.740000,9.960000,-3.400000,-2.260000,0.550000,-0.270000,35.380000,-12.380000,1.000000
3.718000,400924.000000,19.000000,1946.000000,1870.000000,859.000000,2001.000000,1840.000000,0.000000,0.000000,0.000000,0.000000,0.000000,0.000000,0.000000,0.000000,0.000000,-0.740000,9.960000,-3.400000,-2.260000,0.550000,-0.270000,35.380000,-12.380000,1.000000
3.720000,400925.000000,635.000000,1936.000000,1798.000000,880.000000,1983.000000,1831.000000,0.000000,0.000000,0.000000,0.000000,0.000000,0.000000,0.000000,0.000000,0.000000,-1.130000,10.740000,-1.920000,-2.210000,0.610000,-0.270000,37.190000,-12.190000,0.560000
3.722000,400926.000000,29.000000,2000.000000,1743.000000,929.000000,1985.000000,1987.000000,0.000000,0.000000,0.000000,0.000000,0.000000,0.000000,0.000000,0.000000,0.000000,-1.130000,10.740000,-1.920000,-2.210000,0.610000,-0.270000,37.190000,-12.190000,0.560000
3.724000,400927.000000,87.000000,1951.000000,1701.000000,946.000000,1945.000000,1872.000000,0.000000,0.000000,0.000000,0.000000,0.000000,0.000000,0.000000,0.000000,0.000000,-1.130000,10.740000,-1.920000,-2.210000,0.610000,-0.270000,37.190000,-12.190000,0.560000
3.726000,400928.000000,7.000000,1987.000000,1655.000000,882.000000,1933.000000,1787.000000,0.000000,0.000000,0.000000,0.000000,0.000000,0.000000,0.000000,0.000000,0.000000,-1.130000,10.740000,-1.920000,-2.210000,0.610000,-0.270000,37.190000,-12.190000,0.560000
3.728000,400929.000000,0.000000,1999.000000,1578.000000,815.000000,1921.000000,1683.000000,0.000000,0.000000,0.000000,0.000000,0.000000,0.000000,0.000000,0.000000,0.000000,-1.130000,10.740000,-1.920000,-2.210000,0.610000,-0.270000,37.190000,-12.190000,0.560000
3.730000,400930.000000,637.000000,1986.000000,1526.000000,786.000000,1863.000000,1710.000000,0.000000,0.000000,0.000000,0.000000,0.000000,0.000000,0.000000,0.000000,0.000000,-1.380000,10.880000,-1.260000,-2.210000,0.610000,-0.270000,37.190000,-12.190000,0.560000
3.732000,400931.000000,13.000000,2003.000000,1467.000000,814.000000,1826.000000,1786.000000,0.000000,0.000000,0.000000,0.000000,0.000000,0.000000,0.000000,0.000000,0.000000,-1.380000,10.880000,-1.260000,-2.210000,0.610000,-0.270000,37.190000,-12.190000,0.560000
3.734000,400932.000000,16.000000,2001.000000,1408.000000,867.000000,1747.000000,1808.000000,0.000000,0.000000,0.000000,0.000000,0.000000,0.000000,0.000000,0.000000,0.000000,-1.380000,10.880000,-1.260000,-2.210000,0.610000,-0.270000,37.190000,-12.190000,0.560000
3.736000,400933.000000,6.000000,2029.000000,1392.000000,866.000000,1729.000000,1814.000000,0.000000,0.000000,0.000000,0.000000,0.000000,0.000000,0.000000,0.000000,0.000000,-1.380000,10.880000,-1.260000,-2.210000,0.610000,-0.270000,37.190000,-12.190000,0.560000
3.738000,400934.000000,3.000000,2031.000000,1360.000000,895.000000,1655.000000,1805.000000,0.000000,0.000000,0.000000,0.000000,0.000000,0.000000,0.000000,0.000000,0.000000,-1.380000,10.880000,-1.260000,-2.210000,0.610000,-0.270000,37.190000,-12.190000,0.560000
3.740000,400935.000000,119.000000,2070.000000,1315.000000,887.000000,1634.000000,1806.000000,0.000000,0.000000,0.000000,0.000000,0.000000,0.000000,0.000000,0.000000,0.000000,-1.500000,10.680000,-0.920000,-2.120000,0.530000,-0.250000,37.190000,-12.190000,0.560000
3.742000,400936.000000,30.000000,2073.000000,1294.000000,933.000000,1553.000000,1940.000000,0.000000,0.000000,0.000000,0.000000,0.000000,0.000000,0.000000,0.000000,0.000000,-1.500000,10.680000,-0.920000,-2.120000,0.530000,-0.250000,37.190000,-12.190000,0.560000
3.744000,400937.000000,17.000000,2096.000000,1322.000000,950.000000,1518.000000,1824.000000,0.000000,0.000000,0.000000,0.000000,0.000000,0.000000,0.000000,0.000000,0.000000,-1.500000,10.680000,-0.920000,-2.120000,0.530000,-0.250000,37.190000,-12.190000,0.560000
3.746000,400938.000000,0.000000,2098.000000,1319.000000,893.000000,1478.000000,1760.000000,0.000000,0.000000,0.000000,0.000000,0.000000,0.000000,0.000000,0.000000,0.000000,-1.500000,10.680000,-0.920000,-2.120000,0.530000,-0.250000,37.190000,-12.190000,0.560000
3.748000,400939.000000,5.000000,2097.000000,1312.000000,816.000000,1443.000000,1649.000000,0.000000,0.000000,0.000000,0.000000,0.000000,0.000000,0.000000,0.000000,0.000000,-1.500000,10.680000,-0.920000,-2.120000,0.530000,-0.250000,37.190000,-12.190000,0.560000
3.750000,400940.000000,67.000000,2074.000000,1294.000000,806.000000,1393.000000,1681.000000,0.000000,0.000000,0.000000,0.000000,0.000000,0.000000,0.000000,0.000000,0.000000,-1.590000,10.140000,-0.510000,-1.990000,0.060000,-0.220000,37.190000,-12.190000,0.560000
3.752000,400941.000000,0.000000,2069.000000,1275.000000,806.000000,1370.000000,1776.000000,0.000000,0.000000,0.000000,0.000000,0.000000,0.000000,0.000000,0.000000,0.000000,-1.590000,10.140000,-0.510000,-1.990000,0.060000,-0.220000,37.190000,-12.190000,0.560000
3.754000,400942.000000,30.000000,2059.000000,1290.000000,845.000000,1339.000000,1783.000000,0.000000,0.000000,0.000000,0.000000,0.000000,0.000000,0.000000,0.000000,0.000000,-1.590000,10.140000,-0.510000,-1.990000,0.060000,-0.220000,37.190000,-12.190000,0.560000
3.756000,400943.000000,0.000000,2047.000000,1293.000000,881.000000,1338.000000,1783.000000,0.000000,0.000000,0.000000,0.000000,0.000000,0.000000,0.000000,0.000000,0.000000,-1.590000,10.140000,-0.510000,-1.990000,0.060000,-0.220000,37.190000,-12.190000,0.560000
3.758000,400944.000000,1.000000,2022.000000,1249.000000,846.000000,1329.000000,1764.000000,0.000000,0.000000,0.000000,0.000000,0.000000,0.000000,0.000000,0.000000,0.000000,-1.590000,10.140000,-0.510000,-1.990000,0.060000,-0.220000,37.190000,-12.190000,0.560000
3.760000,400945.000000,633.000000,1984.000000,1215.000000,848.000000,1329.000000,1763.000000,0.000000,0.000000,0.000000,0.000000,0.000000,0.000000,0.000000,0.000000,0.000000,-1.520000,9.160000,-0.350000,-2.070000,-0.120000,-0.230000,37.190000,-12.190000,0.560000
3.762000,400946.000000,33.000000,1955.000000,1221.000000,924.000000,1314.000000,1906.000000,0.000000,0.000000,0.000000,0.000000,0.000000,0.000000,0.000000,0.000000,0.000000,-1.520000,9.160000,-0.350000,-2.070000,-0.120000,-0.230000,37.190000,-12.190000,0.560000
3.764000,400947.000000,22.000000,1905.000000,1231.000000,905.000000,1351.000000,1808.000000,0.000000,0.000000,0.000000,0.000000,0.000000,0.000000,0.000000,0.000000,0.000000,-1.520000,9.160000,-0.350000,-2.070000,-0.120000,-0.230000,37.190000,-12.190000,0.560000
3.766000,400948.000000,5.000000,1869.000000,1210.000000,842.000000,1339.000000,1741.000000,0.000000,0.000000,0.000000,0.000000,0.000000,0.000000,0.000000,0.000000,0.000000,-1.520000,9.160000,-0.350000,-2.070000,-0.120000,-0.230000,37.190000,-12.190000,0.560000
3.768000,400949.000000,0.000000,1776.000000,1230.000000,752.000000,1367.000000,1601.000000,0.000000,0.000000,0.000000,0.000000,0.000000,0.000000,0.000000,0.000000,0.000000,-1.520000,9.160000,-0.350000,-2.070000,-0.120000,-0.230000,37.190000,-12.190000,0.560000
3.770000,400950.000000,534.000000,1753.000000,1269.000000,705.000000,1379.000000,1659.000000,0.000000,0.000000,0.000000,0.000000,0.000000,0.000000,0.000000,0.000000,0.000000,-1.150000,9.180000,-0.780000,-2.230000,-0.230000,-0.250000,36.880000,-12.500000,0.190000
3.772000,400951.000000,1.000000,1658.000000,1300.000000,711.000000,1365.000000,1777.000000,0.000000,0.000000,0.000000,0.000000,0.000000,0.000000,0.000000,0.000000,0.000000,-1.150000,9.180000,-0.780000,-2.230000,-0.230000,-0.250000,36.880000,-12.500000,0.190000
3.774000,400952.000000,48.000000,1613.000000,1342.000000,767.000000,1350.000000,1805.000000,0.000000,0.000000,0.000000,0.000000,0.000000,0.000000,0.000000,0.000000,0.000000,-1.150000,9.180000,-0.780000,-2.230000,-0.230000,-0.250000,36.880000,-12.500000,0.190000
3.776000,400953.000000,1.000000,1568.000000,1377.000000,805.000000,1379.000000,1763.000000,0.000000,0.000000,0.000000,0.000000,0.000000,0.000000,0.000000,0.000000,0.000000,-1.150000,9.180000,-0.780000,-2.230000,-0.230000,-0.250000,36.880000,-12.500000,0.190000
3.778000,400954.000000,0.000000,1497.000000,1424.000000,794.000000,1392.000000,1745.000000,0.000000,0.000000,0.000000,0.000000,0.000000,0.000000,0.000000,0.000000,0.000000,-1.150000,9.180000,-0.780000,-2.230000,-0.230000,-0.250000,36.880000,-12.500000,0.190000
3.780000,400955.000000,432.000000,1453.000000,1451.000000,784.000000,1397.000000,1745.000000,0.000000,0.000000,0.000000,0.000000,0.000000,0.000000,0.000000,0.000000,0.000000,-0.630000,9.530000,-1.380000,-2.230000,-0.230000,-0.250000,36.880000,-12.500000,0.190000
3.782000,400956.000000,16.000000,1392.000000,1479.000000,866.000000,1406.000000,1904.000000,0.000000,0.000000,0.000000,0.000000,0.000000,0.000000,0.000000,0.000000,0.000000,-0.630000,9.530000,-1.380000,-2.230000,-0.230000,-0.250000,36.880000,-12.500000,0.190000
3.784000,400957.000000,0.000000,1353.000000,1490.000000,863.000000,1403.000000,1760.000000,0.000000,0.000000,0.000000,0.000000,0.000000,0.000000,0.000000,0.000000,0.000000,-0.630000,9.530000,-1.380000,-2.230000,-0.230000,-0.250000,36.880000,-12.500000,0.190000
3.786000,400958.000000,0.000000,1296.000000,1492.000000,792.000000,1406.000000,1696.000000,0.000000,0.000000,0.000000,0.000000,0.000000,0.000000,0.000000,0.000000,0.000000,-0.630000,9.530000,-1.380000,-2.230000,-0.230000,-0.250000,36.880000,-12.500000,0.190000
3.788000,400959.000000,0.000000,1267.000000,1451.000000,722.000000,1410.000000,1559.000000,0.000000,0.000000,0.000000,0.000000,0.000000,0.000000,0.000000,0.000000,0.000000,-0.630000,9.530000,-1.380000,-2.230000,-0.230000,-0.250000,36.880000,-12.500000,0.190000
3.790000,400960.000000,0.000000,1226.000000,1451.000000,685.000000,1392.000000,1662.000000,0.000000,0.000000,0.000000,0.000000,0.000000,0.000000,0.000000,0.000000,0.000000,-0.110000,10.390000,-1.960000,-2.370000,-0.300000,-0.260000,36.880000,-12.500000,0.190000
3.792000,400961.000000,48.000000,1210.000000,1436.000000,720.000000,1383.000000,1721.000000,0.000000,0.000000,0.000000,0.000000,0.000000,0.000000,0.000000,0.000000,0.000000,-0.110000,10.390000,-1.960000,-2.370000,-0.300000,-0.260000,36.880000,-12.500000,0.190000
3.794000,400962.000000,0.000000,1165.000000,1425.000000,764.000000,1411.000000,1761.000000,0.000000,0.000000,0.000000,0.000000,0.000000,0.000000,0.000000,0.000000,0.000000,-0.110000,10.390000,-1.960000,-2.370000,-0.300000,-0.260000,36.880000,-12.500000,0.190000
3.796000,400963.000000,0.000000,1179.000000,1379.000000,784.000000,1413.000000,1724.000000,0.000000,0.000000,0.000000,0.000000,0.000000,0.000000,0.000000,0.000000,0.000000,-0.110000,10.390000,-1.960000,-2.370000,-0.300000,-0.260000,36.880000,-12.500000,0.190000
3.798000,400964.000000,0.000000,1152.000000,1328.000000,783.000000,1408.000000,1752.000000,0.000000,0.000000,0.000000,0.000000,0.000000,0.000000,0.000000,0.000000,0.000000,-0.110000,10.390000,-1.960000,-2.370000,-0.300000,-0.260000,36.880000,-12.500000,0.190000
3.800000,400965.000000,332.000000,1149.000000,1376.000000,777.000000,1408.000000,1712.000000,0.000000,0.000000,0.000000,0.000000,0.000000,0.000000,0.000000,0.000000,0.000000,0.490000,12.380000,-2.570000,-2.400000,-0.390000,-0.240000,36.880000,-12.500000,0.190000
3.802000,400966.000000,10.000000,1120.000000,1285.000000,850.000000,1430.000000,1894.000000,0.000000,0.000000,0.000000,0.000000,0.000000,0.000000,0.000000,0.000000,0.000000,0.490000,12.380000,-2.570000,-2.400000,-0.390000,-0.240000,36.880000,-12.500000,0.190000
3.804000,400967.000000,9.000000,1168.000000,1335.000000,862.000000,1434.000000,1749.000000,0.000000,0.000000,0.000000,0.000000,0.000000,0.000000,0.000000,0.000000,0.000000,0.490000,12.380000,-2.570000,-2.400000,-0.390000,-0.240000,36.880000,-12.500000,0.190000
3.806000,400968.000000,0.000000,1205.000000,1320.000000,778.000000,1456.000000,892.000000,0.000000,0.000000,0.000000,0.000000,0.000000,0.000000,0.000000,0.000000,0.000000,0.490000,12.380000,-2.570000,-2.400000,-0.390000,-0.240000,36.880000,-12.500000,0.190000
3.808000,400969.000000,0.000000,1221.000000,1296.000000,688.000000,1471.000000,955.000000,0.000000,0.000000,0.000000,0.000000,0.000000,0.000000,0.000000,0.000000,0.000000,0.490000,12.380000,-2.570000,-2.400000,-0.390000,-0.240000,36.880000,-12.500000,0.190000
3.810000,400970.000000,298.000000,1239.000000,1263.000000,656.000000,1467.000000,1267.000000,0.000000,0.000000,0.000000,0.000000,0.000000,0.000000,0.000000,0.000000,0.000000,0.420000,12.790000,-2.630000,-2.250000,-0.430000,-0.190000,36.880000,-12.500000,0.190000
3.812000,400971.000000,0.000000,1233.000000,1200.000000,703.000000,1476.000000,1507.000000,0.000000,0.000000,0.000000,0.000000,0.000000,0.000000,0.000000,0.000000,0.000000,0.420000,12.790000,-2.630000,-2.250000,-0.430000,-0.190000,36.880000,-12.500000,0.190000
3.814000,400972.000000,0.000000,1249.000000,1194.000000,780.000000,1484.000000,1675.000000,0.000000,0.000000,0.000000,0.000000,0.000000,0.000000,0.000000,0.000000,0.000000,0.420000,12.790000,-2.630000,-2.250000,-0.430000,-0.190000,36.880000,-12.500000,0.190000
3.816000,400973.000000,0.000000,1268.000000,1152.000000,797.000000,1479.000000,1733.000000,0.000000,0.000000,0.000000,0.000000,0.000000,0.000000,0.000000,0.000000,0.000000,0.420000,12.790000,-2.630000,-2.250000,-0.430000,-0.190000,36.880000,-12.500000,0.190000
3.818000,400974.000000,0.000000,1301.000000,1152.000000,794.000000,1494.000000,1769.000000,0.000000,0.000000,0.000000,0.000000,0.000000,0.000000,0.000000,0.000000,0.000000,0.420000,12.790000,-2.630000,-2.250000,-0.430000,-0.190000,36.880000,-12.500000,0.190000
3.820000,400975.000000,398.000000,1341.000000,1129.000000,819.000000,1507.000000,1760.000000,0.000000,0.000000,0.000000,0.000000,0.000000,0.000000,0.000000,0.000000,0.000000,-0.010000,12.760000,-2.440000,-2.050000,-0.510000,-0.140000,37.190000,-11.750000,0.190000
3.822000,400976.000000,6.000000,1381.000000,1152.000000,887.000000,1473.000000,1904.000000,0.000000,0.000000,0.000000,0.000000,0.000000,0.000000,0.000000,0.000000,0.000000,-0.010000,12.760000,-2.440000,-2.050000,-0.510000,-0.140000,37.190000,-11.750000,0.190000
3.824000,400977.000000,62.000000,1444.000000,1151.000000,875.000000,1501.000000,1766.000000,0.000000,0.000000,0.000000,0.000000,0.000000,0.000000,0.000000,0.000000,0.000000,-0.010000,12.760000,-2.440000,-2.050000,-0.510000,-0.140000,37.190000,-11.750000,0.190000
3.826000,400978.000000,0.000000,1462.000000,1206.000000,828.000000,1514.000000,1719.000000,0.000000,0.000000,0.000000,0.000000,0.000000,0.000000,0.000000,0.000000,0.000000,-0.010000,12.760000,-2.440000,-2.050000,-0.510000,-0.140000,37.190000,-11.750000,0.190000
3.828000,400979.000000,0.000000,1509.000000,1225.000000,740.000000,1520.000000,1634.000000,0.000000,0.000000,0.000000,0.000000,0.000000,0.000000,0.000000,0.000000,0.000000,-0.010000,12.760000,-2.440000,-2.050000,-0.510000,-0.140000,37.190000,-11.750000,0.190000
3.830000,400980.000000,457.000000,1504.000000,1217.000000,724.000000,1507.000000,1631.000000,0.000000,0.000000,0.000000,0.000000,0.000000,0.000000,0.000000,0.000000,0.000000,-1.720000,12.020000,-0.830000,-2.050000,-0.510000,-0.140000,37.190000,-11.750000,0.190000
3.832000,400981.000000,2.000000,1571.000000,1206.000000,763.000000,1485.000000,1749.000000,0.000000,0.000000,0.000000,0.000000,0.000000,0.000000,0.000000,0.000000,0.000000,-1.720000,12.020000,-0.830000,-2.050000,-0.510000,-0.140000,37.190000,-11.750000,0.190000
3.834000,400982.000000,2.000000,1575.000000,1211.000000,832.000000,1497.000000,1771.000000,0.000000,0.000000,0.000000,0.000000,0.000000,0.000000,0.000000,0.000000,0.000000,-1.720000,12.020000,-0.830000,-2.050000,-0.510000,-0.140000,37.190000,-11.750000,0.190000
3.836000,400983.000000,0.000000,1622.000000,1234.000000,835.000000,1488.000000,1774.000000,0.000000,0.000000,0.000000,0.000000,0.000000,0.000000,0.000000,0.000000,0.000000,-1.720000,12.020000,-0.830000,-2.050000,-0.510000,-0.140000,37.190000,-11.750000,0.190000
3.838000,400984.000000,0.000000,1690.000000,1264.000000,871.000000,1457.000000,1759.000000,0.000000,0.000000,0.000000,0.000000,0.000000,0.000000,0.000000,0.000000,0.000000,-1.720000,12.020000,-0.830000,-2.050000,-0.510000,-0.140000,37.190000,-11.750000,0.190000
3.840000,400985.000000,16.000000,1744.000000,1289.000000,855.000000,1424.000000,1785.000000,0.000000,0.000000,0.000000,0.000000,0.000000,0.000000,0.000000,0.000000,0.000000,-2.010000,11.700000,-0.660000,-1.910000,-0.580000,-0.090000,37.190000,-11.750000,0.190000
3.842000,400986.000000,144.000000,1777.000000,1355.000000,951.000000,1443.000000,1920.000000,0.000000,0.000000,0.000000,0.000000,0.000000,0.000000,0.000000,0.000000,0.000000,-2.010000,11.700000,-0.660000,-1.910000,-0.580000,-0.090000,37.190000,-11.750000,0.190000
3.844000,400987.000000,14.000000,1831.000000,1392.000000,934.000000,1422.000000,1783.000000,0.000000,0.000000,0.000000,0.000000,0.000000,0.000000,0.000000,0.000000,0.000000,-2.010000,11.700000,-0.660000,-1.910000,-0.580000,-0.090000,37.190000,-11.750000,0.190000
3.846000,400988.000000,0.000000,1840.000000,1399.000000,883.000000,1426.000000,1727.000000,0.000000,0.000000,0.000000,0.000000,0.000000,0.000000,0.000000,0.000000,0.000000,-2.010000,11.700000,-0.660000,-1.910000,-0.580000,-0.090000,37.190000,-11.750000,0.190000
3.848000,400989.000000,0.000000,1857.000000,1454.000000,783.000000,1410.000000,1569.000000,0.000000,0.000000,0.000000,0.000000,0.000000,0.000000,0.000000,0.000000,0.000000,-2.010000,11.700000,-0.660000,-1.910000,-0.580000,-0.090000,37.190000,-11.750000,0.190000
3.850000,400990.000000,578.000000,1872.000000,1426.000000,775.000000,1394.000000,1668.000000,0.000000,0.000000,0.000000,0.000000,0.000000,0.000000,0.000000,0.000000,0.000000,-2.190000,11.270000,-0.830000,-1.780000,-0.700000,0.020000,37.190000,-11.750000,0.190000
3.852000,400991.000000,7.000000,1833.000000,1459.000000,808.000000,1375.000000,1775.000000,0.000000,0.000000,0.000000,0.000000,0.000000,0.000000,0.000000,0.000000,0.000000,-2.190000,11.270000,-0.830000,-1.780000,-0.700000,0.020000,37.190000,-11.750000,0.190000
3.854000,400992.000000,15.000000,1792.000000,1457.000000,867.000000,1337.000000,1795.000000,0.000000,0.000000,0.000000,0.000000,0.000000,0.000000,0.000000,0.000000,0.000000,-2.190000,11.270000,-0.830000,-1.780000,-0.700000,0.020000,37.190000,-11.750000,0.190000
3.856000,400993.000000,2.000000,1757.000000,1430.000000,886.000000,1296.000000,1783.000000,0.000000,0.000000,0.000000,0.000000,0.000000,0.000000,0.000000,0.000000,0.000000,-2.190000,11.270000,-0.830000,-1.780000,-0.700000,0.020000,37.190000,-11.750000,0.190000
3.858000,400994.000000,0.000000,1717.000000,1392.000000,895.000000,1275.000000,1781.000000,0.000000,0.000000,0.000000,0.000000,0.000000,0.000000,0.000000,0.000000,0.000000,-2.190000,11.270000,-0.830000,-1.780000,-0.700000,0.020000,37.190000,-11.750000,0.190000
3.860000,400995.000000,511.000000,1667.000000,1384.000000,893.000000,1254.000000,1775.000000,0.000000,0.000000,0.000000,0.000000,0.000000,0.000000,0.000000,0.000000,0.000000,-2.570000,10.780000,-1.080000,-1.680000,-0.620000,0.080000,37.190000,-11.750000,0.190000
3.862000,400996.000000,21.000000,1618.000000,1322.000000,966.000000,1232.000000,1919.000000,0.000000,0.000000,0.000000,0.000000,0.000000,0.000000,0.000000,0.000000,0.000000,-2.570000,10.780000,-1.080000,-1.680000,-0.620000,0.080000,37.190000,-11.750000,0.190000
3.864000,400997.000000,10.000000,1587.000000,1300.000000,949.000000,1230.000000,1798.000000,0.000000,0.000000,0.000000,0.000000,0.000000,0.000000,0.000000,0.000000,0.000000,-2.570000,10.780000,-1.080000,-1.680000,-0.620000,0.080000,37.190000,-11.750000,0.190000
3.866000,400998.000000,0.000000,1535.000000,1260.000000,848.000000,1225.000000,1712.000000,0.000000,0.000000,0.000000,0.000000,0.000000,0.000000,0.000000,0.000000,0.000000,-2.570000,10.780000,-1.080000,-1.680000,-0.620000,0.080000,37.190000,-11.750000,0.190000
3.868000,400999.000000,0.000000,1453.000000,1191.000000,752.000000,1227.000000,1574.000000,0.000000,0.000000,0.000000,0.000000,0.000000,0.000000,0.000000,0.000000,0.000000,-2.570000,10.780000,-1.080000,-1.680000,-0.620000,0.080000,37.190000,-11.750000,0.190000
3.870000,401000.000000,402.000000,1399.000000,1168.000000,751.000000,1238.000000,1623.000000,0.000000,0.000000,0.000000,0.000000,0.000000,0.000000,0.000000,0.000000,0.000000,-3.280000,10.020000,-1.750000,-1.610000,-0.480000,0.120000,37.500000,-10.690000,-3.060000
3.872000,401001.000000,0.000000,1306.000000,1133.000000,758.000000,1246.000000,1735.000000,0.000000,0.000000,0.000000,0.000000,0.000000,0.000000,0.000000,0.000000,0.000000,-3.280000,10.020000,-1.750000,-1.610000,-0.480000,0.120000,37.500000,-10.690000,-3.060000
3.874000,401002.000000,21.000000,1217.000000,1085.000000,803.000000,1261.000000,1706.000000,0.000000,0.000000,0.000000,0.000000,0.000000,0.000000,0.000000,0.000000,0.000000,-3.280000,10.020000,-1.750000,-1.610000,-0.480000,0.120000,37.500000,-10.690000,-3.060000
3.876000,401003.000000,0.000000,1162.000000,1060.000000,855.000000,1290.000000,1641.000000,0.000000,0.000000,0.000000,0.000000,0.000000,0.000000,0.000000,0.000000,0.000000,-3.280000,10.020000,-1.750000,-1.610000,-0.480000,0.120000,37.500000,-10.690000,-3.060000
3.878000,401004.000000,0.000000,1099.000000,1098.000000,833.000000,1312.000000,1697.000000,0.000000,0.000000,0.000000,0.000000,0.000000,0.000000,0.000000,0.000000,0.000000,-3.280000,10.020000,-1.750000,-1.610000,-0.480000,0.120000,37.500000,-10.690000,-3.060000
3.880000,401005.000000,26.000000,1008.000000,1069.000000,821.000000,1297.000000,1716.000000,0.000000,0.000000,0.000000,0.000000,0.000000,0.000000,0.000000,0.000000,0.000000,-3.280000,9.710000,-2.020000,-1.610000,-0.480000,0.120000,37.500000,-10.690000,-3.060000
3.882000,401006.000000,0.000000,976.000000,1083.000000,885.000000,1302.000000,1887.000000,0.000000,0.000000,0.000000,0.000000,0.000000,0.000000,0.000000,0.000000,0.000000,-3.280000,9.710000,-2.020000,-1.610000,-0.480000,0.120000,37.500000,-10.690000,-3.060000
3.884000,401007.000000,0.000000,965.000000,1105.000000,831.000000,1311.000000,1711.000000,0.000000,0.000000,0.000000,0.000000,0.000000,0.000000,0.000000,0.000000,0.000000,-3.280000,9.710000,-2.020000,-1.610000,-0.480000,0.120000,37.500000,-10.690000,-3.060000
3.886000,401008.000000,0.000000,942.000000,1121.000000,768.000000,1311.000000,1634.000000,0.000000,0.000000,0.000000,0.000000,0.000000,0.000000,0.000000,0.000000,0.000000,-3.280000,9.710000,-2.020000,-1.610000,-0.480000,0.120000,37.500000,-10.690000,-3.060000
3.888000,401009.000000,0.000000,944.000000,1111.000000,656.000000,1314.000000,1494.000000,0.000000,0.000000,0.000000,0.000000,0.000000,0.000000,0.000000,0.000000,0.000000,-3.280000,9.710000,-2.020000,-1.610000,-0.480000,0.120000,37.500000,-10.690000,-3.060000
3.890000,401010.000000,0.000000,900.000000,1124.000000,639.000000,1302.000000,1589.000000,0.000000,0.000000,0.000000,0.000000,0.000000,0.000000,0.000000,0.000000,0.000000,-3.280000,9.540000,-1.670000,-1.580000,-0.360000,0.130000,37.500000,-10.690000,-3.060000
3.892000,401011.000000,9.000000,894.000000,1087.000000,675.000000,1318.000000,1699.000000,0.000000,0.000000,0.000000,0.000000,0.000000,0.000000,0.000000,0.000000,0.000000,-3.280000,9.540000,-1.670000,-1.580000,-0.360000,0.130000,37.500000,-10.690000,-3.060000
3.894000,401012.000000,0.000000,879.000000,1101.000000,725.000000,1374.000000,1719.000000,0.000000,0.000000,0.000000,0.000000,0.000000,0.000000,0.000000,0.000000,0.000000,-3.280000,9.540000,-1.670000,-1.580000,-0.360000,0.130000,37.500000,-10.690000,-3.060000
3.896000,401013.000000,0.000000,870.000000,1111.000000,759.000000,1407.000000,1712.000000,0.000000,0.000000,0.000000,0.000000,0.000000,0.000000,0.000000,0.000000,0.000000,-3.280000,9.540000,-1.670000,-1.580000,-0.360000,0.130000,37.500000,-10.690000,-3.060000
3.898000,401014.000000,0.000000,847.000000,1168.000000,753.000000,1415.000000,1714.000000,0.000000,0.000000,0.000000,0.000000,0.000000,0.000000,0.000000,0.000000,0.000000,-3.280000,9.540000,-1.670000,-1.580000,-0.360000,0.130000,37.500000,-10.690000,-3.060000
3.900000,401015.000000,226.000000,837.000000,1178.000000,774.000000,1439.000000,1717.000000,0.000000,0.000000,0.000000,0.000000,0.000000,0.000000,0.000000,0.000000,0.000000,-3.250000,9.290000,-0.830000,-1.640000,-0.080000,0.210000,37.500000,-10.690000,-3.060000
3.902000,401016.000000,34.000000,851.000000,1189.000000,875.000000,1443.000000,1890.000000,0.000000,0.000000,0.000000,0.000000,0.000000,0.000000,0.000000,0.000000,0.000000,-3.250000,9.290000,-0.830000,-1.640000,-0.080000,0.210000,37.500000,-10.690000,-3.060000
3.904000,401017.000000,6.000000,864.000000,1255.000000,841.000000,1491.000000,1712.000000,0.000000,0.000000,0.000000,0.000000,0.000000,0.000000,0.000000,0.000000,0.000000,-3.250000,9.290000,-0.830000,-1.640000,-0.080000,0.210000,37.500000,-10.690000,-3.060000
3.906000,401018.000000,0.000000,869.000000,1296.000000,725.000000,1477.000000,1633.000000,0.000000,0.000000,0.000000,0.000000,0.000000,0.000000,0.000000,0.000000,0.000000,-3.250000,9.290000,-0.830000,-1.640000,-0.080000,0.210000,37.500000,-10.690000,-3.060000
3.908000,401019.000000,0.000000,880.000000,1332.000000,624.000000,1491.000000,1470.000000,0.000000,0.000000,0.000000,0.000000,0.000000,0.000000,0.000000,0.000000,0.000000,-3.250000,9.290000,-0.830000,-1.640000,-0.080000,0.210000,37.500000,-10.690000,-3.060000
3.910000,401020.000000,224.000000,882.000000,1344.000000,592.000000,1495.000000,1584.000000,0.000000,0.000000,0.000000,0.000000,0.000000,0.000000,0.000000,0.000000,0.000000,-2.920000,9.320000,0.640000,-1.750000,0.160000,0.280000,37.500000,-10.690000,-3.060000
3.912000,401021.000000,0.000000,870.000000,1365.000000,694.000000,1515.000000,1721.000000,0.000000,0.000000,0.000000,0.000000,0.000000,0.000000,0.000000,0.000000,0.000000,-2.920000,9.320000,0.640000,-1.750000,0.160000,0.280000,37.500000,-10.690000,-3.060000
3.914000,401022.000000,0.000000,880.000000,1391.000000,762.000000,1553.000000,1758.000000,0.000000,0.000000,0.000000,0.000000,0.000000,0.000000,0.000000,0.000000,0.000000,-2.920000,9.320000,0.640000,-1.750000,0.160000,0.280000,37.500000,-10.690000,-3.060000
3.916000,401023.000000,0.000000,877.000000,1441.000000,784.000000,1568.000000,1737.000000,0.000000,0.000000,0.000000,0.000000,0.000000,0.000000,0.000000,0.000000,0.000000,-2.920000,9.320000,0.640000,-1.750000,0.160000,0.280000,37.500000,-10.690000,-3.060000
3.918000,401024.000000,0.000000,835.000000,1469.000000,789.000000,1600.000000,1766.000000,0.000000,0.000000,0.000000,0.000000,0.000000,0.000000,0.000000,0.000000,0.000000,-2.920000,9.320000,0.640000,-1.750000,0.160000,0.280000,37.500000,-10.690000,-3.060000
3.920000,401025.000000,240.000000,835.000000,1470.000000,800.000000,1655.000000,1781.000000,0.000000,0.000000,0.000000,0.000000,0.000000,0.000000,0.000000,0.000000,0.000000,-2.770000,9.630000,0.920000,-1.900000,0.400000,0.340000,37.880000,-11.060000,-3.060000
3.922000,401026.000000,15.000000,912.000000,1527.000000,918.000000,1729.000000,1967.000000,0.000000,0.000000,0.000000,0.000000,0.000000,0.000000,0.000000,0.000000,0.000000,-2.770000,9.630000,0.920000,-1.900000,0.400000,0.340000,37.880000,-11.060000,-3.060000
3.924000,401027.000000,17.000000,798.000000,1591.000000,881.000000,1812.000000,1755.000000,0.000000,0.000000,0.000000,0.000000,0.000000,0.000000,0.000000,0.000000,0.000000,-2.770000,9.630000,0.920000,-1.900000,0.400000,0.340000,37.880000,-11.060000,-3.060000
3.926000,401028.000000,0.000000,787.000000,1627.000000,789.000000,1869.000000,1679.000000,0.000000,0.000000,0.000000,0.000000,0.000000,0.000000,0.000000,0.000000,0.000000,-2.770000,9.630000,0.920000,-1.900000,0.400000,0.340000,37.880000,-11.060000,-3.060000
3.928000,401029.000000,0.000000,802.000000,1679.000000,655.000000,1919.000000,1495.000000,0.000000,0.000000,0.000000,0.000000,0.000000,0.000000,0.000000,0.000000,0.000000,-2.770000,9.630000,0.920000,-1.900000,0.400000,0.340000,37.880000,-11.060000,-3.060000
3.930000,401030.000000,23.000000,756.000000,1717.000000,674.000000,1973.000000,1615.000000,0.000000,0.000000,0.000000,0.000000,0.000000,0.000000,0.000000,0.000000,0.000000,-2.310000,10.090000,0.590000,-1.900000,0.400000,0.340000,37.880000,-11.060000,-3.060000
3.932000,401031.000000,0.000000,726.000000,1712.000000,734.000000,2026.000000,1793.000000,0.000000,0.000000,0.000000,0.000000,0.000000,0.000000,0.000000,0.000000,0.000000,-2.310000,10.090000,0.590000,-1.900000,0.400000,0.340000,37.880000,-11.060000,-3.060000
3.934000,401032.000000,0.000000,739.000000,1787.000000,817.000000,2089.000000,1603.000000,0.000000,0.000000,0.000000,0.000000,0.000000,0.000000,0.000000,0.000000,0.000000,-2.310000,10.090000,0.590000,-1.900000,0.400000,0.340000,37.880000,-11.060000,-3.060000
3.936000,401033.000000,0.000000,731.000000,1811.000000,823.000000,2134.000000,1642.000000,0.000000,0.000000,0.000000,0.000000,0.000000,0.000000,0.000000,0.000000,0.000000,-2.310000,10.090000,0.590000,-1.900000,0.400000,0.340000,37.880000,-11.060000,-3.060000
3.938000,401034.000000,0.000000,713.000000,1808.000000,821.000000,2220.000000,1773.000000,0.000000,0.000000,0.000000,0.000000,0.000000,0.000000,0.000000,0.000000,0.000000,-2.310000,10.090000,0.590000,-1.900000,0.400000,0.340000,37.880000,-11.060000,-3.060000
3.940000,401035.000000,19.000000,695.000000,1842.000000,830.000000,2283.000000,1824.000000,0.000000,0.000000,0.000000,0.000000,0.000000,0.000000,0.000000,0.000000,0.000000,-1.700000,10.690000,-0.100000,-2.010000,0.680000,0.380000,37.880000,-11.060000,-3.060000
3.942000,401036.000000,19.000000,640.000000,1883.000000,963.000000,2337.000000,1951.000000,0.000000,0.000000,0.000000,0.000000,0.000000,0.000000,0.000000,0.000000,0.000000,-1.700000,10.690000,-0.100000,-2.010000,0.680000,0.380000,37.880000,-11.060000,-3.060000
3.944000,401037.000000,0.000000,626.000000,1910.000000,893.000000,2395.000000,1803.000000,0.000000,0.000000,0.000000,0.000000,0.000000,0.000000,0.000000,0.000000,0.000000,-1.700000,10.690000,-0.100000,-2.010000,0.680000,0.380000,37.880000,-11.060000,-3.060000
3.946000,401038.000000,0.000000,618.000000,1911.000000,800.000000,2458.000000,1680.000000,0.000000,0.000000,0.000000,0.000000,0.000000,0.000000,0.000000,0.000000,0.000000,-1.700000,10.690000,-0.100000,-2.010000,0.680000,0.380000,37.880000,-11.060000,-3.060000
3.948000,401039.000000,0.000000,624.000000,1899.000000,650.000000,2496.000000,1566.000000,0.000000,0.000000,0.000000,0.000000,0.000000,0.000000,0.000000,0.000000,0.000000,-1.700000,10.690000,-0.100000,-2.010000,0.680000,0.380000,37.880000,-11.060000,-3.060000
3.950000,401040.000000,180.000000,601.000000,1901.000000,645.000000,2526.000000,1633.000000,0.000000,0.000000,0.000000,0.000000,0.000000,0.000000,0.000000,0.000000,0.000000,-1.110000,11.770000,-1.380000,-1.840000,0.990000,0.390000,37.880000,-11.060000,-3.060000
3.952000,401041.000000,0.000000,589.000000,1872.000000,718.000000,2522.000000,1813.000000,0.000000,0.000000,0.000000,0.000000,0.000000,0.000000,0.000000,0.000000,0.000000,-1.110000,11.770000,-1.380000,-1.840000,0.990000,0.390000,37.880000,-11.060000,-3.060000
3.954000,401042.000000,0.000000,576.000000,1872.000000,775.000000,2547.000000,1821.000000,0.000000,0.000000,0.000000,0.000000,0.000000,0.000000,0.000000,0.000000,0.000000,-1.110000,11.770000,-1.380000,-1.840000,0.990000,0.390000,37.880000,-11.060000,-3.060000
3.956000,401043.000000,0.000000,583.000000,1850.000000,795.000000,2559.000000,1812.000000,0.000000,0.000000,0.000000,0.000000,0.000000,0.000000,0.000000,0.000000,0.000000,-1.110000,11.770000,-1.380000,-1.840000,0.990000,0.390000,37.880000,-11.060000,-3.060000
3.958000,401044.000000,0.000000,592.000000,1859.000000,804.000000,2559.000000,1850.000000,0.000000,0.000000,0.000000,0.000000,0.000000,0.000000,0.000000,0.000000,0.000000,-1.110000,11.770000,-1.380000,-1.840000,0.990000,0.390000,37.880000,-11.060000,-3.060000
3.960000,401045.000000,207.000000,582.000000,1835.000000,830.000000,2589.000000,1872.000000,0.000000,0.000000,0.000000,0.000000,0.000000,0.000000,0.000000,0.000000,0.000000,-0.990000,12.050000,-1.590000,-1.670000,0.890000,0.370000,37.880000,-11.060000,-3.060000
3.962000,401046.000000,16.000000,560.000000,1829.000000,941.000000,2598.000000,2042.000000,0.000000,0.000000,0.000000,0.000000,0.000000,0.000000,0.000000,0.000000,0.000000,-0.990000,12.050000,-1.590000,-1.670000,0.890000,0.370000,37.880000,-11.060000,-3.060000
3.964000,401047.000000,0.000000,548.000000,1855.000000,880.000000,2636.000000,1807.000000,0.000000,0.000000,0.000000,0.000000,0.000000,0.000000,0.000000,0.000000,0.000000,-0.990000,12.050000,-1.590000,-1.670000,0.890000,0.370000,37.880000,-11.060000,-3.060000
3.966000,401048.000000,0.000000,573.000000,1894.000000,777.000000,2659.000000,1700.000000,0.000000,0.000000,0.000000,0.000000,0.000000,0.000000,0.000000,0.000000,0.000000,-0.990000,12.050000,-1.590000,-1.670000,0.890000,0.370000,37.880000,-11.060000,-3.060000
3.968000,401049.000000,0.000000,575.000000,1875.000000,610.000000,2672.000000,1535.000000,0.000000,0.000000,0.000000,0.000000,0.000000,0.000000,0.000000,0.000000,0.000000,-0.990000,12.050000,-1.590000,-1.670000,0.890000,0.370000,37.880000,-11.060000,-3.060000
3.970000,401050.000000,176.000000,585.000000,1855.000000,624.000000,2640.000000,1614.000000,0.000000,0.000000,0.000000,0.000000,0.000000,0.000000,0.000000,0.000000,0.000000,-0.570000,12.020000,-1.940000,-1.520000,0.650000,0.350000,38.560000,-10.690000,-6.380000
3.972000,401051.000000,0.000000,613.000000,1851.000000,681.000000,2559.000000,1808.000000,0.000000,0.000000,0.000000,0.000000,0.000000,0.000000,0.000000,0.000000,0.000000,-0.570000,12.020000,-1.940000,-1.520000,0.650000,0.350000,38.560000,-10.690000,-6.380000
3.974000,401052.000000,17.000000,633.000000,1807.000000,765.000000,2480.000000,1840.000000,0.000000,0.000000,0.000000,0.000000,0.000000,0.000000,0.000000,0.000000,0.000000,-0.570000,12.020000,-1.940000,-1.520000,0.650000,0.350000,38.560000,-10.690000,-6.380000
3.976000,401053.000000,1.000000,668.000000,1803.000000,795.000000,2336.000000,1833.000000,0.000000,0.000000,0.000000,0.000000,0.000000,0.000000,0.000000,0.000000,0.000000,-0.570000,12.020000,-1.940000,-1.520000,0.650000,0.350000,38.560000,-10.690000,-6.380000
3.978000,401054.000000,0.000000,693.000000,1749.000000,802.000000,2157.000000,1821.000000,0.000000,0.000000,0.000000,0.000000,0.000000,0.000000,0.000000,0.000000,0.000000,-0.570000,12.020000,-1.940000,-1.520000,0.650000,0.350000,38.560000,-10.690000,-6.380000
3.980000,401055.000000,215.000000,685.000000,1763.000000,803.000000,1936.000000,1863.000000,0.000000,0.000000,0.000000,0.000000,0.000000,0.000000,0.000000,0.000000,0.000000,0.070000,11.940000,-2.320000,-1.520000,0.650000,0.350000,38.560000,-10.690000,-6.380000
3.982000,401056.000000,16.000000,693.000000,1754.000000,943.000000,1689.000000,1966.000000,0.000000,0.000000,0.000000,0.000000,0.000000,0.000000,0.000000,0.000000,0.000000,0.070000,11.940000,-2.320000,-1.520000,0.650000,0.350000,38.560000,-10.690000,-6.380000
3.984000,401057.000000,0.000000,686.000000,1730.000000,880.000000,1490.000000,1729.000000,0.000000,0.000000,0.000000,0.000000,0.000000,0.000000,0.000000,0.000000,0.000000,0.070000,11.940000,-2.320000,-1.520000,0.650000,0.350000,38.560000,-10.690000,-6.380000
3.986000,401058.000000,0.000000,698.000000,1744.000000,762.000000,1328.000000,1610.000000,0.000000,0.000000,0.000000,0.000000,0.000000,0.000000,0.000000,0.000000,0.000000,0.070000,11.940000,-2.320000,-1.520000,0.650000,0.350000,38.560000,-10.690000,-6.380000
3.988000,401059.000000,0.000000,691.000000,1713.000000,597.000000,1202.000000,1451.000000,0.000000,0.000000,0.000000,0.000000,0.000000,0.000000,0.000000,0.000000,0.000000,0.070000,11.940000,-2.320000,-1.520000,0.650000,0.350000,38.560000,-10.690000,-6.380000
3.990000,401060.000000,0.000000,674.000000,1699.000000,592.000000,1126.000000,1495.000000,0.000000,0.000000,0.000000,0.000000,0.000000,0.000000,0.000000,0.000000,0.000000,0.390000,11.490000,-1.660000,-1.340000,0.370000,0.340000,38.560000,-10.690000,-6.380000
3.992000,401061.000000,4.000000,654.000000,1664.000000,691.000000,1164.000000,1711.000000,0.000000,0.000000,0.000000,0.000000,0.000000,0.000000,0.000000,0.000000,0.000000,0.390000,11.490000,-1.660000,-1.340000,0.370000,0.340000,38.560000,-10.690000,-6.380000
3.994000,401062.000000,0.000000,678.000000,1637.000000,756.000000,1169.000000,1737.000000,0.000000,0.000000,0.000000,0.000000,0.000000,0.000000,0.000000,0.000000,0.000000,0.390000,11.490000,-1.660000,-1.340000,0.370000,0.340000,38.560000,-10.690000,-6.380000
3.996000,401063.000000,0.000000,714.000000,1615.000000,786.000000,1254.000000,1747.000000,0.000000,0.000000,0.000000,0.000000,0.000000,0.000000,0.000000,0.000000,0.000000,0.390000,11.490000,-1.660000,-1.340000,0.370000,0.340000,38.560000,-10.690000,-6.380000
3.998000,401064.000000,0.000000,729.000000,1572.000000,800.000000,1311.000000,1767.000000,0.000000,0.000000,0.000000,0.000000,0.000000,0.000000,0.000000,0.000000,0.000000,0.390000,11.490000,-1.660000,-1.340000,0.370000,0.340000,38.560000,-10.690000,-6.380000
4.000000,401065.000000,231.000000,767.000000,1584.000000,816.000000,1382.000000,1826.000000,0.000000,0.000000,0.000000,0.000000,0.000000,0.000000,0.000000,0.000000,0.000000,0.590000,11.210000,-1.370000,-1.110000,-0.170000,0.360000,38.560000,-10.690000,-6.380000
4.002000,401066.000000,16.000000,797.000000,1520.000000,967.000000,1419.000000,1949.000000,0.000000,0.000000,0.000000,0.000000,0.000000,0.000000,0.000000,0.000000,0.000000,0.590000,11.210000,-1.370000,-1.110000,-0.170000,0.360000,38.560000,-10.690000,-6.380000
4.004000,401067.000000,0.000000,831.000000,1520.000000,887.000000,1472.000000,1727.000000,0.000000,0.000000,0.000000,0.000000,0.000000,0.000000,0.000000,0.000000,0.000000,0.590000,11.210000,-1.370000,-1.110000,-0.170000,0.360000,38.560000,-10.690000,-6.380000
4.006000,401068.000000,0.000000,848.000000,1517.000000,789.000000,1531.000000,1619.000000,0.000000,0.000000,0.000000,0.000000,0.000000,0.000000,0.000000,0.000000,0.000000,0.590000,11.210000,-1.370000,-1.110000,-0.170000,0.360000,38.560000,-10.690000,-6.380000
4.008000,401069.000000,0.000000,860.000000,1456.000000,613.000000,1535.000000,1456.000000,0.000000,0.000000,0.000000,0.000000,0.000000,0.000000,0.000000,0.000000,0.000000,0.590000,11.210000,-1.370000,-1.110000,-0.170000,0.360000,38.560000,-10.690000,-6.380000
4.010000,401070.000000,212.000000,867.000000,1418.000000,649.000000,1503.000000,1472.000000,0.000000,0.000000,0.000000,0.000000,0.000000,0.000000,0.000000,0.000000,0.000000,0.520000,11.430000,-1.150000,-0.970000,-0.320000,0.380000,38.560000,-10.690000,-6.380000
4.012000,401071.000000,0.000000,846.000000,1328.000000,726.000000,1466.000000,1751.000000,0.000000,0.000000,0.000000,0.000000,0.000000,0.000000,0.000000,0.000000,0.000000,0.520000,11.430000,-1.150000,-0.970000,-0.320000,0.380000,38.560000,-10.690000,-6.380000
4.014000,401072.000000,0.000000,846.000000,1310.000000,799.000000,1434.000000,1765.000000,0.000000,0.000000,0.000000,0.000000,0.000000,0.000000,0.000000,0.000000,0.000000,0.520000,11.430000,-1.150000,-0.970000,-0.320000,0.380000,38.560000,-10.690000,-6.380000
4.016000,401073.000000,0.000000,851.000000,1254.000000,842.000000,1407.000000,1744.000000,0.000000,0.000000,0.000000,0.000000,0.000000,0.000000,0.000000,0.000000,0.000000,0.520000,11.430000,-1.150000,-0.970000,-0.320000,0.380000,38.560000,-10.690000,-6.380000
4.018000,401074.000000,0.000000,859.000000,1205.000000,847.000000,1411.000000,1739.000000,0.000000,0.000000,0.000000,0.000000,0.000000,0.000000,0.000000,0.000000,0.000000,0.520000,11.430000,-1.150000,-0.970000,-0.320000,0.380000,38.560000,-10.690000,-6.380000
4.020000,401075.000000,0.000000,834.000000,1164.000000,880.000000,1392.000000,1855.000000,0.000000,0.000000,0.000000,0.000000,0.000000,0.000000,0.000000,0.000000,0.000000,-0.540000,11.500000,0.580000,-0.870000,-0.450000,0.410000,38.690000,-12.190000,-5.500000
4.022000,401076.000000,7.000000,816.000000,1142.000000,1022.000000,1409.000000,1915.000000,0.000000,0.000000,0.000000,0.000000,0.000000,0.000000,0.000000,0.000000,0.000000,-0.540000,11.500000,0.580000,-0.870000,-0.450000,0.410000,38.690000,-12.190000,-5.500000
4.024000,401077.000000,16.000000,823.000000,1099.000000,930.000000,1426.000000,1711.000000,0.000000,0.000000,0.000000,0.000000,0.000000,0.000000,0.000000,0.000000,0.000000,-0.540000,11.500000,0.580000,-0.870000,-0.450000,0.410000,38.690000,-12.190000,-5.500000
4.026000,401078.000000,0.000000,813.000000,1107.000000,800.000000,1454.000000,1566.000000,0.000000,0.000000,0.000000,0.000000,0.000000,0.000000,0.000000,0.000000,0.000000,-0.540000,11.500000,0.580000,-0.870000,-0.450000,0.410000,38.690000,-12.190000,-5.500000
4.028000,401079.000000,0.000000,782.000000,1090.000000,657.000000,1460.000000,1456.000000,0.000000,0.000000,0.000000,0.000000,0.000000,0.000000,0.000000,0.000000,0.000000,-0.540000,11.500000,0.580000,-0.870000,-0.450000,0.410000,38.690000,-12.190000,-5.500000
4.030000,401080.000000,189.000000,733.000000,1072.000000,630.000000,1476.000000,1467.000000,0.000000,0.000000,0.000000,0.000000,0.000000,0.000000,0.000000,0.000000,0.000000,-1.270000,11.750000,0.850000,-0.870000,-0.450000,0.410000,38.690000,-12.190000,-5.500000
4.032000,401081.000000,0.000000,716.000000,1073.000000,708.000000,1488.000000,1707.000000,0.000000,0.000000,0.000000,0.000000,0.000000,0.000000,0.000000,0.000000,0.000000,-1.270000,11.750000,0.850000,-0.870000,-0.450000,0.410000,38.690000,-12.190000,-5.500000
4.034000,401082.000000,0.000000,705.000000,1081.000000,791.000000,1510.000000,1715.000000,0.000000,0.000000,0.000000,0.000000,0.000000,0.000000,0.000000,0.000000,0.000000,-1.270000,11.750000,0.850000,-0.870000,-0.450000,0.410000,38.690000,-12.190000,-5.500000
4.036000,401083.000000,0.000000,719.000000,1109.000000,803.000000,1564.000000,1732.000000,0.000000,0.000000,0.000000,0.000000,0.000000,0.000000,0.000000,0.000000,0.000000,-1.270000,11.750000,0.850000,-0.870000,-0.450000,0.410000,38.690000,-12.190000,-5.500000
4.038000,401084.000000,0.000000,744.000000,1154.000000,794.000000,1569.000000,1728.000000,0.000000,0.000000,0.000000,0.000000,0.000000,0.000000,0.000000,0.000000,0.000000,-1.270000,11.750000,0.850000,-0.870000,-0.450000,0.410000,38.690000,-12.190000,-5.500000
4.040000,401085.000000,17.000000,720.000000,1175.000000,810.000000,1575.000000,1907.000000,0.000000,0.000000,0.000000,0.000000,0.000000,0.000000,0.000000,0.000000,0.000000,-2.300000,12.290000,-0.030000,-0.840000,-0.440000,0.430000,38.690000,-12.190000,-5.500000
4.042000,401086.000000,15.000000,768.000000,1244.000000,925.000000,1594.000000,1923.000000,0.000000,0.000000,0.000000,0.000000,0.000000,0.000000,0.000000,0.000000,0.000000,-2.300000,12.290000,-0.030000,-0.840000,-0.440000,0.430000,38.690000,-12.190000,-5.500000
4.044000,401087.000000,0.000000,848.000000,1277.000000,834.000000,1562.000000,1683.000000,0.000000,0.000000,0.000000,0.000000,0.000000,0.000000,0.000000,0.000000,0.000000,-2.300000,12.290000,-0.030000,-0.840000,-0.440000,0.430000,38.690000,-12.190000,-5.500000
4.046000,401088.000000,0.000000,902.000000,1328.000000,721.000000,1502.000000,1571.000000,0.000000,0.000000,0.000000,0.000000,0.000000,0.000000,0.000000,0.000000,0.000000,-2.300000,12.290000,-0.030000,-0.840000,-0.440000,0.430000,38.690000,-12.190000,-5.500000
4.048000,401089.000000,0.000000,989.000000,1379.000000,575.000000,1451.000000,1483.000000,0.000000,0.000000,0.000000,0.000000,0.000000,0.000000,0.000000,0.000000,0.000000,-2.300000,12.290000,-0.030000,-0.840000,-0.440000,0.430000,38.690000,-12.190000,-5.500000
4.050000,401090.000000,272.000000,1047.000000,1424.000000,603.000000,1375.000000,1488.000000,0.000000,0.000000,0.000000,0.000000,0.000000,0.000000,0.000000,0.000000,0.000000,-3.230000,12.610000,-0.970000,-0.640000,-0.230000,0.400000,38.690000,-12.190000,-5.500000
4.052000,401091.000000,0.000000,1114.000000,1406.000000,671.000000,1277.000000,1738.000000,0.000000,0.000000,0.000000,0.000000,0.000000,0.000000,0.000000,0.000000,0.000000,-3.230000,12.610000,-0.970000,-0.640000,-0.230000,0.400000,38.690000,-12.190000,-5.500000
4.054000,401092.000000,1.000000,1206.000000,1411.000000,754.000000,1205.000000,1764.000000,0.000000,0.000000,0.000000,0.000000,0.000000,0.000000,0.000000,0.000000,0.000000,-3.230000,12.610000,-0.970000,-0.640000,-0.230000,0.400000,38.690000,-12.190000,-5.500000
4.056000,401093.000000,0.000000,1304.000000,1446.000000,772.000000,1147.000000,1761.000000,0.000000,0.000000,0.000000,0.000000,0.000000,0.000000,0.000000,0.000000,0.000000,-3.230000,12.610000,-0.970000,-0.640000,-0.230000,0.400000,38.690000,-12.190000,-5.500000
4.058000,401094.000000,0.000000,1383.000000,1459.000000,821.000000,1093.000000,1776.000000,0.000000,0.000000,0.000000,0.000000,0.000000,0.000000,0.000000,0.000000,0.000000,-3.230000,12.610000,-0.970000,-0.640000,-0.230000,0.400000,38.690000,-12.190000,-5.500000
4.060000,401095.000000,448.000000,1459.000000,1479.000000,849.000000,1047.000000,1909.000000,0.000000,0.000000,0.000000,0.000000,0.000000,0.000000,0.000000,0.000000,0.000000,-3.760000,12.420000,-2.520000,-0.500000,-0.120000,0.350000,38.690000,-12.190000,-5.500000
4.062000,401096.000000,27.000000,1510.000000,1511.000000,977.000000,1021.000000,1915.000000,0.000000,0.000000,0.000000,0.000000,0.000000,0.000000,0.000000,0.000000,0.000000,-3.760000,12.420000,-2.520000,-0.500000,-0.120000,0.350000,38.690000,-12.190000,-5.500000
4.064000,401097.000000,7.000000,1585.000000,1498.000000,910.000000,1005.000000,1731.000000,0.000000,0.000000,0.000000,0.000000,0.000000,0.000000,0.000000,0.000000,0.000000,-3.760000,12.420000,-2.520000,-0.500000,-0.120000,0.350000,38.690000,-12.190000,-5.500000
4.066000,401098.000000,0.000000,1664.000000,1524.000000,799.000000,953.000000,1577.000000,0.000000,0.000000,0.000000,0.000000,0.000000,0.000000,0.000000,0.000000,0.000000,-3.760000,12.420000,-2.520000,-0.500000,-0.120000,0.350000,38.690000,-12.190000,-5.500000
4.068000,401099.000000,0.000000,1725.000000,1521.000000,658.000000,963.000000,1532.000000,0.000000,0.000000,0.000000,0.000000,0.000000,0.000000,0.000000,0.000000,0.000000,-3.760000,12.420000,-2.520000,-0.500000,-0.120000,0.350000,38.690000,-12.190000,-5.500000
4.070000,401100.000000,59.000000,1743.000000,1511.000000,679.000000,951.000000,1518.000000,0.000000,0.000000,0.000000,0.000000,0.000000,0.000000,0.000000,0.000000,0.000000,-3.370000,11.540000,-1.880000,-0.390000,-0.040000,0.300000,39.250000,-10.250000,-5.190000
4.072000,401101.000000,0.000000,1776.000000,1511.000000,799.000000,938.000000,1810.000000,0.000000,0.000000,0.000000,0.000000,0.000000,0.000000,0.000000,0.000000,0.000000,-3.370000,11.540000,-1.880000,-0.390000,-0.040000,0.300000,39.250000,-10.250000,-5.190000
4.074000,401102.000000,116.000000,1805.000000,1515.000000,863.000000,928.000000,1747.000000,0.000000,0.000000,0.000000,0.000000,0.000000,0.000000,0.000000,0.000000,0.000000,-3.370000,11.540000,-1.880000,-0.390000,-0.040000,0.300000,39.250000,-10.250000,-5.190000
4.076000,401103.000000,19.000000,1840.000000,1553.000000,887.000000,931.000000,1772.000000,0.000000,0.000000,0.000000,0.000000,0.000000,0.000000,0.000000,0.000000,0.000000,-3.370000,11.540000,-1.880000,-0.390000,-0.040000,0.300000,39.250000,-10.250000,-5.190000
4.078000,401104.000000,10.000000,1895.000000,1552.000000,902.000000,940.000000,1808.000000,0.000000,0.000000,0.000000,0.000000,0.000000,0.000000,0.000000,0.000000,0.000000,-3.370000,11.540000,-1.880000,-0.390000,-0.040000,0.300000,39.250000,-10.250000,-5.190000
4.080000,401105.000000,626.000000,1909.000000,1514.000000,912.000000,935.000000,1941.000000,0.000000,0.000000,0.000000,0.000000,0.000000,0.000000,0.000000,0.000000,0.000000,-2.670000,10.610000,-1.050000,-0.390000,-0.040000,0.300000,39.250000,-10.250000,-5.190000
4.082000,401106.000000,34.000000,1949.000000,1523.000000,1079.000000,912.000000,1951.000000,0.000000,0.000000,0.000000,0.000000,0.000000,0.000000,0.000000,0.000000,0.000000,-2.670000,10.610000,-1.050000,-0.390000,-0.040000,0.300000,39.250000,-10.250000,-5.190000
4.084000,401107.000000,3.000000,1975.000000,1520.000000,959.000000,911.000000,1746.000000,0.000000,0.000000,0.000000,0.000000,0.000000,0.000000,0.000000,0.000000,0.000000,-2.670000,10.610000,-1.050000,-0.390000,-0.040000,0.300000,39.250000,-10.250000,-5.190000
4.086000,401108.000000,0.000000,2013.000000,1529.000000,823.000000,878.000000,1583.000000,0.000000,0.000000,0.000000,0.000000,0.000000,0.000000,0.000000,0.000000,0.000000,-2.670000,10.610000,-1.050000,-0.390000,-0.040000,0.300000,39.250000,-10.250000,-5.190000
4.088000,401109.000000,0.000000,2031.000000,1530.000000,685.000000,836.000000,1530.000000,0.000000,0.000000,0.000000,0.000000,0.000000,0.000000,0.000000,0.000000,0.000000,-2.670000,10.610000,-1.050000,-0.390000,-0.040000,0.300000,39.250000,-10.250000,-5.190000
